# bin_1_1
9.615505130118980458e-09
9.753587612752767666e-09
9.908015104805906088e-09
1.007902284325524402e-08
1.026720241094432433e-08
1.047385847356293994e-08
1.069865460245641321e-08
1.094787077467312593e-08
1.122249968922382679e-08
1.151440182493489181e-08
1.181044491776756237e-08
1.209730463280055038e-08
1.238404090258073077e-08
1.265183747956065580e-08
1.288820003644872792e-08
1.308439784311535111e-08
1.323497534919992806e-08
1.333413399973203833e-08
1.338299461610813282e-08
1.337679705250900119e-08
1.330123680002181656e-08
1.313821570874040479e-08
1.283971504896330164e-08
1.236378063975924540e-08
1.173641899525550829e-08
1.105509017556477801e-08
1.037651227132983155e-08
9.586598853850140708e-09
8.655435647021462722e-09
7.742522204620574794e-09
6.861539970771086948e-09
6.011397698098881941e-09
5.158293988418998290e-09
4.418204181099442472e-09
3.753256359911553135e-09
3.141939736164992248e-09
2.639445514176573130e-09
2.183944420999144483e-09
1.810990690927377146e-09
1.481665865963970848e-09
1.214202698945968038e-09
9.901962939674721010e-10
8.064861946953078977e-10
6.596211944520970601e-10
5.414393597560283375e-10
4.461148524066052385e-10
3.690793633369672809e-10
3.066371119049202679e-10
2.556597132609000627e-10
2.136873677502819733e-10
1.788248696810863725e-10
1.495919052815899405e-10
1.248778179471876263e-10
1.038546753815947399e-10
8.591445171997036130e-11
7.060261272085370766e-11
5.756727298037273339e-11
4.652740702786782696e-11
3.724751644394335768e-11
2.951969653471476811e-11
2.315355343111235176e-11
1.797097294790368663e-11
1.380439629991993949e-11
1.049730552151873817e-11
7.905783065701206757e-12
5.900208640164867336e-12
4.366550067208648335e-12
3.206818241875352114e-12
2.338866244247499219e-12
1.695358491740641873e-12
1.222253154234298749e-12
8.770066716047062276e-13
6.267017554806624045e-13
4.462563251768681764e-13
3.168067465474627108e-13
2.243295883816766168e-13
1.585019683478989231e-13
1.117872816449395943e-13
7.872248360450712103e-14
5.537092657821397676e-14
3.891017169305089179e-14
2.735390081588648133e-14
1.924116581959968168e-14
1.354541526395027934e-14
9.550146045004385186e-15
6.769073395661128887e-15
4.833120307562370771e-15
3.479553799863359840e-15
2.555790726073298046e-15
1.915827809525657358e-15
1.482440720848097608e-15
1.194395186494861558e-15
1.005009597678570508e-15
8.841741876641655669e-16
8.108810657035494242e-16
7.681928417530287387e-16
7.450654267777385098e-16
7.333949864815902948e-16
7.280729599006928401e-16
7.258311190542534931e-16
