# bin_2_2
2.272138037239133589e-08
2.299787927747293520e-08
2.331309888927167108e-08
2.365173284497561960e-08
2.404318398383176038e-08
2.447495982474595792e-08
2.494328770650947911e-08
2.544305332553364644e-08
2.597190839546758607e-08
2.651793730550551678e-08
2.709893513842915771e-08
2.768628073120143042e-08
2.826447326770483518e-08
2.884853529610179709e-08
2.940303217323055171e-08
2.992950378128269737e-08
3.040636845164506066e-08
3.079863752781033361e-08
3.106459551968525316e-08
3.113307541995902029e-08
3.092286374175901837e-08
3.041060981332973582e-08
2.966388098208308124e-08
2.876597475543593521e-08
2.761083757724641142e-08
2.604875050516621151e-08
2.420141346552949848e-08
2.221173462349516408e-08
2.006519941716187885e-08
1.778195112425223342e-08
1.546016503410183477e-08
1.328426546545254559e-08
1.118762837255021287e-08
9.337115368069527918e-09
7.715008243268258671e-09
6.342995416350557703e-09
5.214633034075003408e-09
4.286941239453714442e-09
3.512914071471865490e-09
2.867175789548943458e-09
2.317529570633800578e-09
1.865060184450616484e-09
1.505120203370916435e-09
1.223219539002736432e-09
1.000354211288793408e-09
8.224415553455853114e-10
6.799501810484014746e-10
5.648090735851217809e-10
4.714004598831841347e-10
3.947057381055096094e-10
3.308703622839584439e-10
2.771840140711429319e-10
2.316614242646424776e-10
1.928186480146961118e-10
1.595780770437954406e-10
1.311441725585556248e-10
1.069014143871171429e-10
8.635431051016745338e-11
6.908014722211463797e-11
5.470017239418054380e-11
4.286296959712374078e-11
3.323670207912707865e-11
2.550751267423589570e-11
1.938143225966783480e-11
1.458789098798635728e-11
1.088333060281869930e-11
8.053855858135400693e-12
5.916252883670668742e-12
4.317417499556562293e-12
3.132297374750207198e-12
2.260873722550814301e-12
1.624637057403783011e-12
1.162976994596934840e-12
8.297808863454281589e-13
5.904045350064444369e-13
4.191035268704022993e-13
2.969244358905650703e-13
2.100244313821162848e-13
1.483610290672271769e-13
1.046903496449367422e-13
7.382741941477222529e-14
5.204255806464535111e-14
3.667650078369288839e-14
2.584733182708752627e-14
1.823260867721724159e-14
1.288164322746364201e-14
9.117265703310757637e-15
6.486921482627086511e-15
4.641124271708708208e-15
3.354587633582105331e-15
2.462459962700152342e-15
1.846542367091306343e-15
1.425877267406769763e-15
1.144185262759789079e-15
9.595200470640703865e-16
8.425955106709713078e-16
7.716832450489001621e-16
7.318312833433085459e-16
7.115939932912608796e-16
7.026898914429560729e-16
