# bin_4_3
3.307637280936636880e-08
3.353773135502419430e-08
3.407474285507913445e-08
3.468395272396581577e-08
3.537420991624565060e-08
3.615076571379689981e-08
3.701012683878837754e-08
3.796946737968261194e-08
3.903287892509646685e-08
4.019809162835750149e-08
4.148456483846093798e-08
4.287310588171935661e-08
4.437751137291015439e-08
4.596819348588940938e-08
4.763615612909899203e-08
4.935545921731916525e-08
5.107408003376365671e-08
5.271870173601333587e-08
5.424163379653080714e-08
5.560862164701882239e-08
5.683301346710104124e-08
5.785618523832868906e-08
5.850815758995712158e-08
5.866767596076159140e-08
5.837660857686043452e-08
5.759636940957802722e-08
5.622130865221046244e-08
5.419849897286859857e-08
5.158386528365848348e-08
4.841104244735742296e-08
4.466871150275680125e-08
4.054829832627867539e-08
3.611239228775152343e-08
3.156631243622629540e-08
2.706232583490005602e-08
2.280505064846999561e-08
1.892861118904564261e-08
1.555670062588132542e-08
1.273117648003625730e-08
1.042269448908997111e-08
8.551782294905256801e-09
7.014265619050380883e-09
5.717105978470092441e-09
4.607868032543065303e-09
3.678637831625742924e-09
2.937305996623775920e-09
2.368509448250066692e-09
1.927723397464430743e-09
1.574421498749356981e-09
1.290863245572761060e-09
1.065610243855979806e-09
8.846659161825724627e-10
7.366889954633593202e-10
6.148008734969486755e-10
5.131099618594478646e-10
4.274850127720660124e-10
3.548751067275265183e-10
2.930711232630884752e-10
2.404289305676181669e-10
1.956987146553541072e-10
1.578860024383595733e-10
1.261584025536684595e-10
9.978439225390397338e-11
7.809648224450521099e-11
6.047317110685084951e-11
4.633257293035697798e-11
3.513327214498611199e-11
2.637873581051586386e-11
1.962249614530158569e-11
1.447211803512759068e-11
1.059090314171714996e-11
7.696923980887547429e-12
5.559603261650913363e-12
3.994462402598058484e-12
2.856827057404600118e-12
2.035241038251816616e-12
1.445168479450986496e-12
1.023351427121746434e-12
7.230098938676118204e-13
5.098602212657080073e-13
3.589988575953678479e-13
2.524638531537486859e-13
1.773821439165370169e-13
1.245437273425917233e-13
8.740667785225066452e-14
6.133861394514948271e-14
4.305579059086971969e-14
3.024416198604832042e-14
2.127640422744625609e-14
1.500670112930110677e-14
1.062927431863388467e-14
7.577945332503910835e-15
5.457680716782611704e-15
3.991234260437369724e-15
2.984396981630121788e-15
2.300116777647286425e-15
1.842828626151191287e-15
1.544238289350060395e-15
1.356434121385876244e-15
1.244469284243909576e-15
