# bin_3_1
1.674633514154275652e-08
1.688233057345392926e-08
1.704234386401924819e-08
1.721881364804822551e-08
1.741309605120617508e-08
1.762298995036692175e-08
1.783908435244061431e-08
1.806698971143384028e-08
1.830350896623698744e-08
1.854274063167702983e-08
1.879076677014295327e-08
1.902952684572170397e-08
1.926125849473327576e-08
1.946620937278827014e-08
1.963372411973302420e-08
1.974740723282188036e-08
1.977168624033286595e-08
1.966364246526424105e-08
1.940118368086770962e-08
1.899539555655520970e-08
1.850257280220361556e-08
1.792652999539164914e-08
1.717843773715355730e-08
1.621842673412185083e-08
1.515544629144257904e-08
1.402300254172547829e-08
1.279119937453168554e-08
1.146706496025224797e-08
1.013440398750829693e-08
8.843248091482937981e-09
7.579914219669770804e-09
6.460466349843707738e-09
5.439743816739527132e-09
4.550157382309313987e-09
3.770570567835381241e-09
3.117049920577930580e-09
2.557645572606640981e-09
2.092026355818453711e-09
1.710134691456195193e-09
1.394741008414769604e-09
1.132522802819377079e-09
9.201304568896839415e-10
7.505932062042512032e-10
6.165732578728295920e-10
5.079126189509708339e-10
4.185020101813817990e-10
3.468610678399868227e-10
2.887211281255639402e-10
2.409966432549326209e-10
2.011945867513721749e-10
1.677544618393560123e-10
1.396730312997424069e-10
1.158263596083102517e-10
9.556165610195537775e-11
7.835857117791437184e-11
6.378506105682876111e-11
5.150390149894992970e-11
4.122706573484861382e-11
3.270084638484219143e-11
2.569580986052376865e-11
2.000127841736648900e-11
1.542323152897506851e-11
1.178434395016179025e-11
8.924613372042641705e-12
6.702099418326991382e-12
4.993274213082758229e-12
3.692766398992002641e-12
2.712449425308744649e-12
1.980048523272798601e-12
1.437336251792344956e-12
1.038176685641366191e-12
7.465685227445055356e-13
5.348064984065691484e-13
3.818384297240274850e-13
2.718488521642055273e-13
1.930765180988649000e-13
1.368531537768928367e-13
9.683985543598745723e-14
6.844294778128110300e-14
4.832810676750333658e-14
3.410077877712579765e-14
2.405167865293366467e-14
1.697165180019944776e-14
1.198449945937959944e-14
8.475308088839719326e-15
6.013256870739626505e-15
4.286834371358845534e-15
3.078759096824825511e-15
2.237639016671705111e-15
1.654330515101264605e-15
1.251931034003660811e-15
9.768978285111786270e-16
7.920394737943271237e-16
6.701676928467616815e-16
5.921839496650249774e-16
5.438383034174466998e-16
5.148941993428453432e-16
4.982979467098759373e-16
4.893112527425804758e-16
4.848260201858189059e-16
