# phi
1.570795999999999998e-02
6.842281983050847727e-02
1.211376796610169615e-01
1.738525394915254318e-01
2.265673993220339022e-01
2.792822591525424003e-01
3.319971189830508984e-01
3.847119788135593410e-01
4.374268386440678391e-01
4.901416984745763372e-01
5.428565583050847243e-01
5.955714181355932224e-01
6.482862779661017205e-01
7.010011377966102186e-01
7.537159976271186057e-01
8.064308574576271038e-01
8.591457172881356019e-01
9.118605771186441000e-01
9.645754369491525981e-01
1.017290296779661096e+00
1.070005156610169594e+00
1.122720016440678092e+00
1.175434876271186591e+00
1.228149736101695089e+00
1.280864595932203587e+00
1.333579455762712085e+00
1.386294315593220583e+00
1.439009175423728859e+00
1.491724035254237357e+00
1.544438895084745855e+00
1.597153754915254353e+00
1.649868614745762851e+00
1.702583474576271350e+00
1.755298334406779848e+00
1.808013194237288346e+00
1.860728054067796844e+00
1.913442913898305342e+00
1.966157773728813840e+00
2.018872633559321894e+00
2.071587493389830392e+00
2.124302353220338890e+00
2.177017213050847388e+00
2.229732072881355887e+00
2.282446932711864385e+00
2.335161792542372883e+00
2.387876652372881381e+00
2.440591512203389879e+00
2.493306372033898377e+00
2.546021231864406875e+00
2.598736091694915373e+00
2.651450951525423871e+00
2.704165811355932370e+00
2.756880671186440868e+00
2.809595531016949366e+00
2.862310390847457420e+00
2.915025250677965918e+00
2.967740110508474416e+00
3.020454970338982914e+00
3.073169830169491412e+00
3.125884689999999910e+00
