# t1
1.651198144923959486e-04
2.128164483980808219e-04
2.742907678766721372e-04
3.535226055537020657e-04
4.556414115026711955e-04
5.872583326064266746e-04
7.568942166128343665e-04
9.755312497641455312e-04
1.257323940887223462e-03
1.620515480883245873e-03
2.088618802509386620e-03
2.691938801978061707e-03
3.469534270633147649e-03
4.471746551687020253e-03
5.763458626646060512e-03
7.428295623894240647e-03
9.574038689348089021e-03
1.233960271186416470e-02
1.590402963966018254e-02
2.049807961288712538e-02
