# # cosmological_parameters--omega_m cosmological_parameters--s_8 cosmological_parameters--h0 cosmological_parameters--omega_b cosmological_parameters--n_s shear_calibration_parameters--m1 shear_calibration_parameters--m2 shear_calibration_parameters--m3 shear_calibration_parameters--m4 wl_photoz_errors--bias_1 wl_photoz_errors--bias_2 wl_photoz_errors--bias_3 wl_photoz_errors--bias_4 intrinsic_alignment_parameters--a1 intrinsic_alignment_parameters--alpha1
2.699999999999999623e-01 7.389999999999999902e-01 6.699999999999999289e-01 2.800000000000000058e-02 9.499999999999999556e-01 -2.000000000000000042e-02 -2.000000000000000042e-02 -2.000000000000000042e-02 -2.000000000000000042e-02 -2.000000000000000042e-02 -2.000000000000000042e-02 -2.000000000000000042e-02 -2.000000000000000042e-02 6.799999999999999378e-01 -1.719999999999999973e+00
2.799999999999999711e-01 7.489999999999999991e-01 6.799999999999999378e-01 3.799999999999999906e-02 9.599999999999999645e-01 -1.000000000000000021e-02 -1.000000000000000021e-02 -1.000000000000000021e-02 -1.000000000000000021e-02 -1.000000000000000021e-02 -1.000000000000000021e-02 -1.000000000000000021e-02 -1.000000000000000021e-02 6.899999999999999467e-01 -1.709999999999999964e+00
2.999999999999999889e-01 7.690000000000000169e-01 6.999999999999999556e-01 5.800000000000000294e-02 9.799999999999999822e-01 1.000000000000000021e-02 1.000000000000000021e-02 1.000000000000000021e-02 1.000000000000000021e-02 1.000000000000000021e-02 1.000000000000000021e-02 1.000000000000000021e-02 1.000000000000000021e-02 7.099999999999999645e-01 -1.689999999999999947e+00
3.099999999999999978e-01 7.790000000000000258e-01 7.099999999999999645e-01 6.800000000000000488e-02 9.899999999999999911e-01 2.000000000000000042e-02 2.000000000000000042e-02 2.000000000000000042e-02 2.000000000000000042e-02 2.000000000000000042e-02 2.000000000000000042e-02 2.000000000000000042e-02 2.000000000000000042e-02 7.199999999999999734e-01 -1.679999999999999938e+00
2.699999999999999623e-01 7.389999999999999902e-01 6.699999999999999289e-01 2.800000000000000058e-02 9.499999999999999556e-01 -2.000000000000000042e-02 -2.000000000000000042e-02 -2.000000000000000042e-02 -2.000000000000000042e-02 -2.000000000000000042e-02 -2.000000000000000042e-02 -2.000000000000000042e-02 -2.000000000000000042e-02 6.799999999999999378e-01 -1.719999999999999973e+00
2.799999999999999711e-01 7.489999999999999991e-01 6.799999999999999378e-01 3.799999999999999906e-02 9.599999999999999645e-01 -1.000000000000000021e-02 -1.000000000000000021e-02 -1.000000000000000021e-02 -1.000000000000000021e-02 -1.000000000000000021e-02 -1.000000000000000021e-02 -1.000000000000000021e-02 -1.000000000000000021e-02 6.899999999999999467e-01 -1.709999999999999964e+00
2.999999999999999889e-01 7.690000000000000169e-01 6.999999999999999556e-01 5.800000000000000294e-02 9.799999999999999822e-01 1.000000000000000021e-02 1.000000000000000021e-02 1.000000000000000021e-02 1.000000000000000021e-02 1.000000000000000021e-02 1.000000000000000021e-02 1.000000000000000021e-02 1.000000000000000021e-02 7.099999999999999645e-01 -1.689999999999999947e+00
3.099999999999999978e-01 7.790000000000000258e-01 7.099999999999999645e-01 6.800000000000000488e-02 9.899999999999999911e-01 2.000000000000000042e-02 2.000000000000000042e-02 2.000000000000000042e-02 2.000000000000000042e-02 2.000000000000000042e-02 2.000000000000000042e-02 2.000000000000000042e-02 2.000000000000000042e-02 7.199999999999999734e-01 -1.679999999999999938e+00
2.699999999999999623e-01 7.389999999999999902e-01 6.699999999999999289e-01 2.800000000000000058e-02 9.499999999999999556e-01 -2.000000000000000042e-02 -2.000000000000000042e-02 -2.000000000000000042e-02 -2.000000000000000042e-02 -2.000000000000000042e-02 -2.000000000000000042e-02 -2.000000000000000042e-02 -2.000000000000000042e-02 6.799999999999999378e-01 -1.719999999999999973e+00
2.799999999999999711e-01 7.489999999999999991e-01 6.799999999999999378e-01 3.799999999999999906e-02 9.599999999999999645e-01 -1.000000000000000021e-02 -1.000000000000000021e-02 -1.000000000000000021e-02 -1.000000000000000021e-02 -1.000000000000000021e-02 -1.000000000000000021e-02 -1.000000000000000021e-02 -1.000000000000000021e-02 6.899999999999999467e-01 -1.709999999999999964e+00
2.999999999999999889e-01 7.690000000000000169e-01 6.999999999999999556e-01 5.800000000000000294e-02 9.799999999999999822e-01 1.000000000000000021e-02 1.000000000000000021e-02 1.000000000000000021e-02 1.000000000000000021e-02 1.000000000000000021e-02 1.000000000000000021e-02 1.000000000000000021e-02 1.000000000000000021e-02 7.099999999999999645e-01 -1.689999999999999947e+00
3.099999999999999978e-01 7.790000000000000258e-01 7.099999999999999645e-01 6.800000000000000488e-02 9.899999999999999911e-01 2.000000000000000042e-02 2.000000000000000042e-02 2.000000000000000042e-02 2.000000000000000042e-02 2.000000000000000042e-02 2.000000000000000042e-02 2.000000000000000042e-02 2.000000000000000042e-02 7.199999999999999734e-01 -1.679999999999999938e+00
2.699999999999999623e-01 7.389999999999999902e-01 6.699999999999999289e-01 2.800000000000000058e-02 9.499999999999999556e-01 -2.000000000000000042e-02 -2.000000000000000042e-02 -2.000000000000000042e-02 -2.000000000000000042e-02 -2.000000000000000042e-02 -2.000000000000000042e-02 -2.000000000000000042e-02 -2.000000000000000042e-02 6.799999999999999378e-01 -1.719999999999999973e+00
2.799999999999999711e-01 7.489999999999999991e-01 6.799999999999999378e-01 3.799999999999999906e-02 9.599999999999999645e-01 -1.000000000000000021e-02 -1.000000000000000021e-02 -1.000000000000000021e-02 -1.000000000000000021e-02 -1.000000000000000021e-02 -1.000000000000000021e-02 -1.000000000000000021e-02 -1.000000000000000021e-02 6.899999999999999467e-01 -1.709999999999999964e+00
2.999999999999999889e-01 7.690000000000000169e-01 6.999999999999999556e-01 5.800000000000000294e-02 9.799999999999999822e-01 1.000000000000000021e-02 1.000000000000000021e-02 1.000000000000000021e-02 1.000000000000000021e-02 1.000000000000000021e-02 1.000000000000000021e-02 1.000000000000000021e-02 1.000000000000000021e-02 7.099999999999999645e-01 -1.689999999999999947e+00
3.099999999999999978e-01 7.790000000000000258e-01 7.099999999999999645e-01 6.800000000000000488e-02 9.899999999999999911e-01 2.000000000000000042e-02 2.000000000000000042e-02 2.000000000000000042e-02 2.000000000000000042e-02 2.000000000000000042e-02 2.000000000000000042e-02 2.000000000000000042e-02 2.000000000000000042e-02 7.199999999999999734e-01 -1.679999999999999938e+00
2.699999999999999623e-01 7.389999999999999902e-01 6.699999999999999289e-01 2.800000000000000058e-02 9.499999999999999556e-01 -2.000000000000000042e-02 -2.000000000000000042e-02 -2.000000000000000042e-02 -2.000000000000000042e-02 -2.000000000000000042e-02 -2.000000000000000042e-02 -2.000000000000000042e-02 -2.000000000000000042e-02 6.799999999999999378e-01 -1.719999999999999973e+00
2.799999999999999711e-01 7.489999999999999991e-01 6.799999999999999378e-01 3.799999999999999906e-02 9.599999999999999645e-01 -1.000000000000000021e-02 -1.000000000000000021e-02 -1.000000000000000021e-02 -1.000000000000000021e-02 -1.000000000000000021e-02 -1.000000000000000021e-02 -1.000000000000000021e-02 -1.000000000000000021e-02 6.899999999999999467e-01 -1.709999999999999964e+00
2.999999999999999889e-01 7.690000000000000169e-01 6.999999999999999556e-01 5.800000000000000294e-02 9.799999999999999822e-01 1.000000000000000021e-02 1.000000000000000021e-02 1.000000000000000021e-02 1.000000000000000021e-02 1.000000000000000021e-02 1.000000000000000021e-02 1.000000000000000021e-02 1.000000000000000021e-02 7.099999999999999645e-01 -1.689999999999999947e+00
3.099999999999999978e-01 7.790000000000000258e-01 7.099999999999999645e-01 6.800000000000000488e-02 9.899999999999999911e-01 2.000000000000000042e-02 2.000000000000000042e-02 2.000000000000000042e-02 2.000000000000000042e-02 2.000000000000000042e-02 2.000000000000000042e-02 2.000000000000000042e-02 2.000000000000000042e-02 7.199999999999999734e-01 -1.679999999999999938e+00
2.699999999999999623e-01 7.389999999999999902e-01 6.699999999999999289e-01 2.800000000000000058e-02 9.499999999999999556e-01 -2.000000000000000042e-02 -2.000000000000000042e-02 -2.000000000000000042e-02 -2.000000000000000042e-02 -2.000000000000000042e-02 -2.000000000000000042e-02 -2.000000000000000042e-02 -2.000000000000000042e-02 6.799999999999999378e-01 -1.719999999999999973e+00
2.799999999999999711e-01 7.489999999999999991e-01 6.799999999999999378e-01 3.799999999999999906e-02 9.599999999999999645e-01 -1.000000000000000021e-02 -1.000000000000000021e-02 -1.000000000000000021e-02 -1.000000000000000021e-02 -1.000000000000000021e-02 -1.000000000000000021e-02 -1.000000000000000021e-02 -1.000000000000000021e-02 6.899999999999999467e-01 -1.709999999999999964e+00
2.999999999999999889e-01 7.690000000000000169e-01 6.999999999999999556e-01 5.800000000000000294e-02 9.799999999999999822e-01 1.000000000000000021e-02 1.000000000000000021e-02 1.000000000000000021e-02 1.000000000000000021e-02 1.000000000000000021e-02 1.000000000000000021e-02 1.000000000000000021e-02 1.000000000000000021e-02 7.099999999999999645e-01 -1.689999999999999947e+00
3.099999999999999978e-01 7.790000000000000258e-01 7.099999999999999645e-01 6.800000000000000488e-02 9.899999999999999911e-01 2.000000000000000042e-02 2.000000000000000042e-02 2.000000000000000042e-02 2.000000000000000042e-02 2.000000000000000042e-02 2.000000000000000042e-02 2.000000000000000042e-02 2.000000000000000042e-02 7.199999999999999734e-01 -1.679999999999999938e+00
2.699999999999999623e-01 7.389999999999999902e-01 6.699999999999999289e-01 2.800000000000000058e-02 9.499999999999999556e-01 -2.000000000000000042e-02 -2.000000000000000042e-02 -2.000000000000000042e-02 -2.000000000000000042e-02 -2.000000000000000042e-02 -2.000000000000000042e-02 -2.000000000000000042e-02 -2.000000000000000042e-02 6.799999999999999378e-01 -1.719999999999999973e+00
2.799999999999999711e-01 7.489999999999999991e-01 6.799999999999999378e-01 3.799999999999999906e-02 9.599999999999999645e-01 -1.000000000000000021e-02 -1.000000000000000021e-02 -1.000000000000000021e-02 -1.000000000000000021e-02 -1.000000000000000021e-02 -1.000000000000000021e-02 -1.000000000000000021e-02 -1.000000000000000021e-02 6.899999999999999467e-01 -1.709999999999999964e+00
2.999999999999999889e-01 7.690000000000000169e-01 6.999999999999999556e-01 5.800000000000000294e-02 9.799999999999999822e-01 1.000000000000000021e-02 1.000000000000000021e-02 1.000000000000000021e-02 1.000000000000000021e-02 1.000000000000000021e-02 1.000000000000000021e-02 1.000000000000000021e-02 1.000000000000000021e-02 7.099999999999999645e-01 -1.689999999999999947e+00
3.099999999999999978e-01 7.790000000000000258e-01 7.099999999999999645e-01 6.800000000000000488e-02 9.899999999999999911e-01 2.000000000000000042e-02 2.000000000000000042e-02 2.000000000000000042e-02 2.000000000000000042e-02 2.000000000000000042e-02 2.000000000000000042e-02 2.000000000000000042e-02 2.000000000000000042e-02 7.199999999999999734e-01 -1.679999999999999938e+00
2.699999999999999623e-01 7.389999999999999902e-01 6.699999999999999289e-01 2.800000000000000058e-02 9.499999999999999556e-01 -2.000000000000000042e-02 -2.000000000000000042e-02 -2.000000000000000042e-02 -2.000000000000000042e-02 -2.000000000000000042e-02 -2.000000000000000042e-02 -2.000000000000000042e-02 -2.000000000000000042e-02 6.799999999999999378e-01 -1.719999999999999973e+00
2.799999999999999711e-01 7.489999999999999991e-01 6.799999999999999378e-01 3.799999999999999906e-02 9.599999999999999645e-01 -1.000000000000000021e-02 -1.000000000000000021e-02 -1.000000000000000021e-02 -1.000000000000000021e-02 -1.000000000000000021e-02 -1.000000000000000021e-02 -1.000000000000000021e-02 -1.000000000000000021e-02 6.899999999999999467e-01 -1.709999999999999964e+00
2.999999999999999889e-01 7.690000000000000169e-01 6.999999999999999556e-01 5.800000000000000294e-02 9.799999999999999822e-01 1.000000000000000021e-02 1.000000000000000021e-02 1.000000000000000021e-02 1.000000000000000021e-02 1.000000000000000021e-02 1.000000000000000021e-02 1.000000000000000021e-02 1.000000000000000021e-02 7.099999999999999645e-01 -1.689999999999999947e+00
3.099999999999999978e-01 7.790000000000000258e-01 7.099999999999999645e-01 6.800000000000000488e-02 9.899999999999999911e-01 2.000000000000000042e-02 2.000000000000000042e-02 2.000000000000000042e-02 2.000000000000000042e-02 2.000000000000000042e-02 2.000000000000000042e-02 2.000000000000000042e-02 2.000000000000000042e-02 7.199999999999999734e-01 -1.679999999999999938e+00
2.699999999999999623e-01 7.389999999999999902e-01 6.699999999999999289e-01 2.800000000000000058e-02 9.499999999999999556e-01 -2.000000000000000042e-02 -2.000000000000000042e-02 -2.000000000000000042e-02 -2.000000000000000042e-02 -2.000000000000000042e-02 -2.000000000000000042e-02 -2.000000000000000042e-02 -2.000000000000000042e-02 6.799999999999999378e-01 -1.719999999999999973e+00
2.799999999999999711e-01 7.489999999999999991e-01 6.799999999999999378e-01 3.799999999999999906e-02 9.599999999999999645e-01 -1.000000000000000021e-02 -1.000000000000000021e-02 -1.000000000000000021e-02 -1.000000000000000021e-02 -1.000000000000000021e-02 -1.000000000000000021e-02 -1.000000000000000021e-02 -1.000000000000000021e-02 6.899999999999999467e-01 -1.709999999999999964e+00
2.999999999999999889e-01 7.690000000000000169e-01 6.999999999999999556e-01 5.800000000000000294e-02 9.799999999999999822e-01 1.000000000000000021e-02 1.000000000000000021e-02 1.000000000000000021e-02 1.000000000000000021e-02 1.000000000000000021e-02 1.000000000000000021e-02 1.000000000000000021e-02 1.000000000000000021e-02 7.099999999999999645e-01 -1.689999999999999947e+00
3.099999999999999978e-01 7.790000000000000258e-01 7.099999999999999645e-01 6.800000000000000488e-02 9.899999999999999911e-01 2.000000000000000042e-02 2.000000000000000042e-02 2.000000000000000042e-02 2.000000000000000042e-02 2.000000000000000042e-02 2.000000000000000042e-02 2.000000000000000042e-02 2.000000000000000042e-02 7.199999999999999734e-01 -1.679999999999999938e+00
2.699999999999999623e-01 7.389999999999999902e-01 6.699999999999999289e-01 2.800000000000000058e-02 9.499999999999999556e-01 -2.000000000000000042e-02 -2.000000000000000042e-02 -2.000000000000000042e-02 -2.000000000000000042e-02 -2.000000000000000042e-02 -2.000000000000000042e-02 -2.000000000000000042e-02 -2.000000000000000042e-02 6.799999999999999378e-01 -1.719999999999999973e+00
2.799999999999999711e-01 7.489999999999999991e-01 6.799999999999999378e-01 3.799999999999999906e-02 9.599999999999999645e-01 -1.000000000000000021e-02 -1.000000000000000021e-02 -1.000000000000000021e-02 -1.000000000000000021e-02 -1.000000000000000021e-02 -1.000000000000000021e-02 -1.000000000000000021e-02 -1.000000000000000021e-02 6.899999999999999467e-01 -1.709999999999999964e+00
2.999999999999999889e-01 7.690000000000000169e-01 6.999999999999999556e-01 5.800000000000000294e-02 9.799999999999999822e-01 1.000000000000000021e-02 1.000000000000000021e-02 1.000000000000000021e-02 1.000000000000000021e-02 1.000000000000000021e-02 1.000000000000000021e-02 1.000000000000000021e-02 1.000000000000000021e-02 7.099999999999999645e-01 -1.689999999999999947e+00
3.099999999999999978e-01 7.790000000000000258e-01 7.099999999999999645e-01 6.800000000000000488e-02 9.899999999999999911e-01 2.000000000000000042e-02 2.000000000000000042e-02 2.000000000000000042e-02 2.000000000000000042e-02 2.000000000000000042e-02 2.000000000000000042e-02 2.000000000000000042e-02 2.000000000000000042e-02 7.199999999999999734e-01 -1.679999999999999938e+00
2.699999999999999623e-01 7.389999999999999902e-01 6.699999999999999289e-01 2.800000000000000058e-02 9.499999999999999556e-01 -2.000000000000000042e-02 -2.000000000000000042e-02 -2.000000000000000042e-02 -2.000000000000000042e-02 -2.000000000000000042e-02 -2.000000000000000042e-02 -2.000000000000000042e-02 -2.000000000000000042e-02 6.799999999999999378e-01 -1.719999999999999973e+00
2.799999999999999711e-01 7.489999999999999991e-01 6.799999999999999378e-01 3.799999999999999906e-02 9.599999999999999645e-01 -1.000000000000000021e-02 -1.000000000000000021e-02 -1.000000000000000021e-02 -1.000000000000000021e-02 -1.000000000000000021e-02 -1.000000000000000021e-02 -1.000000000000000021e-02 -1.000000000000000021e-02 6.899999999999999467e-01 -1.709999999999999964e+00
2.999999999999999889e-01 7.690000000000000169e-01 6.999999999999999556e-01 5.800000000000000294e-02 9.799999999999999822e-01 1.000000000000000021e-02 1.000000000000000021e-02 1.000000000000000021e-02 1.000000000000000021e-02 1.000000000000000021e-02 1.000000000000000021e-02 1.000000000000000021e-02 1.000000000000000021e-02 7.099999999999999645e-01 -1.689999999999999947e+00
3.099999999999999978e-01 7.790000000000000258e-01 7.099999999999999645e-01 6.800000000000000488e-02 9.899999999999999911e-01 2.000000000000000042e-02 2.000000000000000042e-02 2.000000000000000042e-02 2.000000000000000042e-02 2.000000000000000042e-02 2.000000000000000042e-02 2.000000000000000042e-02 2.000000000000000042e-02 7.199999999999999734e-01 -1.679999999999999938e+00
2.699999999999999623e-01 7.389999999999999902e-01 6.699999999999999289e-01 2.800000000000000058e-02 9.499999999999999556e-01 -2.000000000000000042e-02 -2.000000000000000042e-02 -2.000000000000000042e-02 -2.000000000000000042e-02 -2.000000000000000042e-02 -2.000000000000000042e-02 -2.000000000000000042e-02 -2.000000000000000042e-02 6.799999999999999378e-01 -1.719999999999999973e+00
2.799999999999999711e-01 7.489999999999999991e-01 6.799999999999999378e-01 3.799999999999999906e-02 9.599999999999999645e-01 -1.000000000000000021e-02 -1.000000000000000021e-02 -1.000000000000000021e-02 -1.000000000000000021e-02 -1.000000000000000021e-02 -1.000000000000000021e-02 -1.000000000000000021e-02 -1.000000000000000021e-02 6.899999999999999467e-01 -1.709999999999999964e+00
2.999999999999999889e-01 7.690000000000000169e-01 6.999999999999999556e-01 5.800000000000000294e-02 9.799999999999999822e-01 1.000000000000000021e-02 1.000000000000000021e-02 1.000000000000000021e-02 1.000000000000000021e-02 1.000000000000000021e-02 1.000000000000000021e-02 1.000000000000000021e-02 1.000000000000000021e-02 7.099999999999999645e-01 -1.689999999999999947e+00
3.099999999999999978e-01 7.790000000000000258e-01 7.099999999999999645e-01 6.800000000000000488e-02 9.899999999999999911e-01 2.000000000000000042e-02 2.000000000000000042e-02 2.000000000000000042e-02 2.000000000000000042e-02 2.000000000000000042e-02 2.000000000000000042e-02 2.000000000000000042e-02 2.000000000000000042e-02 7.199999999999999734e-01 -1.679999999999999938e+00
2.699999999999999623e-01 7.389999999999999902e-01 6.699999999999999289e-01 2.800000000000000058e-02 9.499999999999999556e-01 -2.000000000000000042e-02 -2.000000000000000042e-02 -2.000000000000000042e-02 -2.000000000000000042e-02 -2.000000000000000042e-02 -2.000000000000000042e-02 -2.000000000000000042e-02 -2.000000000000000042e-02 6.799999999999999378e-01 -1.719999999999999973e+00
2.799999999999999711e-01 7.489999999999999991e-01 6.799999999999999378e-01 3.799999999999999906e-02 9.599999999999999645e-01 -1.000000000000000021e-02 -1.000000000000000021e-02 -1.000000000000000021e-02 -1.000000000000000021e-02 -1.000000000000000021e-02 -1.000000000000000021e-02 -1.000000000000000021e-02 -1.000000000000000021e-02 6.899999999999999467e-01 -1.709999999999999964e+00
2.999999999999999889e-01 7.690000000000000169e-01 6.999999999999999556e-01 5.800000000000000294e-02 9.799999999999999822e-01 1.000000000000000021e-02 1.000000000000000021e-02 1.000000000000000021e-02 1.000000000000000021e-02 1.000000000000000021e-02 1.000000000000000021e-02 1.000000000000000021e-02 1.000000000000000021e-02 7.099999999999999645e-01 -1.689999999999999947e+00
3.099999999999999978e-01 7.790000000000000258e-01 7.099999999999999645e-01 6.800000000000000488e-02 9.899999999999999911e-01 2.000000000000000042e-02 2.000000000000000042e-02 2.000000000000000042e-02 2.000000000000000042e-02 2.000000000000000042e-02 2.000000000000000042e-02 2.000000000000000042e-02 2.000000000000000042e-02 7.199999999999999734e-01 -1.679999999999999938e+00
8.999999999999996891e-02 5.589999999999999414e-01 4.899999999999999356e-01 -1.520000000000000240e-01 7.700000000000000178e-01 -2.000000000000000111e-01 -2.000000000000000111e-01 -2.000000000000000111e-01 -2.000000000000000111e-01 -2.000000000000000111e-01 -2.000000000000000111e-01 -2.000000000000000111e-01 -2.000000000000000111e-01 4.999999999999999445e-01 -1.899999999999999911e+00
1.899999999999999745e-01 6.590000000000000302e-01 5.899999999999999689e-01 -5.200000000000000455e-02 8.699999999999999956e-01 -1.000000000000000056e-01 -1.000000000000000056e-01 -1.000000000000000056e-01 -1.000000000000000056e-01 -1.000000000000000056e-01 -1.000000000000000056e-01 -1.000000000000000056e-01 -1.000000000000000056e-01 5.999999999999999778e-01 -1.800000000000000044e+00
3.900000000000000133e-01 8.589999999999999858e-01 7.899999999999999245e-01 1.480000000000000204e-01 1.070000000000000062e+00 1.000000000000000056e-01 1.000000000000000056e-01 1.000000000000000056e-01 1.000000000000000056e-01 1.000000000000000056e-01 1.000000000000000056e-01 1.000000000000000056e-01 1.000000000000000056e-01 7.999999999999999334e-01 -1.599999999999999867e+00
4.899999999999999911e-01 9.590000000000000746e-01 8.899999999999999023e-01 2.479999999999999982e-01 1.169999999999999929e+00 2.000000000000000111e-01 2.000000000000000111e-01 2.000000000000000111e-01 2.000000000000000111e-01 2.000000000000000111e-01 2.000000000000000111e-01 2.000000000000000111e-01 2.000000000000000111e-01 8.999999999999999112e-01 -1.500000000000000000e+00
8.999999999999996891e-02 5.589999999999999414e-01 4.899999999999999356e-01 -1.520000000000000240e-01 7.700000000000000178e-01 -2.000000000000000111e-01 -2.000000000000000111e-01 -2.000000000000000111e-01 -2.000000000000000111e-01 -2.000000000000000111e-01 -2.000000000000000111e-01 -2.000000000000000111e-01 -2.000000000000000111e-01 4.999999999999999445e-01 -1.899999999999999911e+00
1.899999999999999745e-01 6.590000000000000302e-01 5.899999999999999689e-01 -5.200000000000000455e-02 8.699999999999999956e-01 -1.000000000000000056e-01 -1.000000000000000056e-01 -1.000000000000000056e-01 -1.000000000000000056e-01 -1.000000000000000056e-01 -1.000000000000000056e-01 -1.000000000000000056e-01 -1.000000000000000056e-01 5.999999999999999778e-01 -1.800000000000000044e+00
3.900000000000000133e-01 8.589999999999999858e-01 7.899999999999999245e-01 1.480000000000000204e-01 1.070000000000000062e+00 1.000000000000000056e-01 1.000000000000000056e-01 1.000000000000000056e-01 1.000000000000000056e-01 1.000000000000000056e-01 1.000000000000000056e-01 1.000000000000000056e-01 1.000000000000000056e-01 7.999999999999999334e-01 -1.599999999999999867e+00
4.899999999999999911e-01 9.590000000000000746e-01 8.899999999999999023e-01 2.479999999999999982e-01 1.169999999999999929e+00 2.000000000000000111e-01 2.000000000000000111e-01 2.000000000000000111e-01 2.000000000000000111e-01 2.000000000000000111e-01 2.000000000000000111e-01 2.000000000000000111e-01 2.000000000000000111e-01 8.999999999999999112e-01 -1.500000000000000000e+00
