# (xip_11,xip_12,xip_13,xip_14,xip_22,xip_23,xip_24,xip_33,xip_34,xip_44,xim_11,xim_12,xim_13,xim_14,xim_22,xim_23,xim_24,xim_33,xim_34,xim_44,map3_111,map3_112,map3_113,map3_114,map3_122,map3_123,map3_124,map3_133,map3_134,map3_144,map3_222,map3_223,map3_224,map3_233,map3_234,map3_244,map3_333,map3_334,map3_344,map3_444) = (20,20,20,20,20,20,20,20,20,20,20,20,20,20,20,20,20,20,20,20,4,4,4,4,4,4,4,4,4,4,4,4,4,4,4,4,4,4,4,4)
5.809340198205565508e-06
7.477210498046667205e-06
6.938790836868097557e-06
4.763185120237181723e-06
4.113938011729620246e-06
2.734266685443084606e-06
2.502612225204767421e-06
2.111971009360166918e-06
1.905752673832557561e-06
1.369997676280545199e-06
1.093026219339425250e-06
9.193972714672403020e-07
7.499977790095097539e-07
6.559735680270459632e-07
5.713550190554922379e-07
4.522722774766921570e-07
3.644747810478315925e-07
2.549968550969724813e-07
1.778504660101415427e-07
1.179932590305745042e-07
1.236573628821544660e-05
1.227868068883686273e-05
1.035692559345730449e-05
9.339731109913261396e-06
6.537324492550553184e-06
4.985277343654638750e-06
3.778276176596341132e-06
3.455956970440898441e-06
2.986737501824275405e-06
2.146173301909727272e-06
1.863048194548518535e-06
1.565713879964457493e-06
1.259322798531537171e-06
1.049919446510992024e-06
8.726777018840990311e-07
6.960365365204929170e-07
5.416072290664013453e-07
3.981602016680266168e-07
2.745886512423711747e-07
2.089567107696102877e-07
1.640196656128878485e-05
1.605284068834771726e-05
1.401998667068216280e-05
1.085870671310566736e-05
7.666131022307216573e-06
6.393167825520271046e-06
4.999834898010264488e-06
4.820151811637672480e-06
3.648600334298022866e-06
3.012444956551280990e-06
2.520217767167849528e-06
1.973354068311646991e-06
1.624598180139002598e-06
1.434081370750322042e-06
1.104863190703332206e-06
8.922028411269677417e-07
7.096995838542483230e-07
5.021106579671990120e-07
3.543661261733341145e-07
2.489338829918788036e-07
1.828941438578281234e-05
1.753564081368161928e-05
1.509118805660623705e-05
1.242888234312237225e-05
9.395710027973216871e-06
7.145485601331836373e-06
5.665035977124854703e-06
5.407889304358159077e-06
4.101675277308275992e-06
3.342401839824215116e-06
2.796598657486761182e-06
2.211554246889799188e-06
1.898200111971537231e-06
1.594047165722146618e-06
1.308768130761298475e-06
9.870900205132545848e-07
7.608446246814725960e-07
5.655273035281293501e-07
3.732908276531034421e-07
2.704375103864162704e-07
2.218647578412790656e-05
2.101012665385285189e-05
1.695180968519063020e-05
1.507282005374391233e-05
1.065554642550283776e-05
8.520571458453773985e-06
7.103451423924940832e-06
6.019400622067462205e-06
4.775759939730092135e-06
3.789978587143442558e-06
3.626624702934337654e-06
2.692080272259118003e-06
2.351780144659829824e-06
1.895109452158601683e-06
1.475186062829357406e-06
1.153162180944404524e-06
9.370691870663455777e-07
6.387667159712483074e-07
4.480179219159181002e-07
2.993180749213005952e-07
3.257769017418738313e-05
3.024045620151395527e-05
2.624668040880378500e-05
2.221287755964115225e-05
1.498802580509698254e-05
1.191909718041261292e-05
9.808032687672574269e-06
9.290058496839239825e-06
6.973666234548426675e-06
5.826101208724163346e-06
4.785408118893664622e-06
4.153018178451269894e-06
3.368035588830357104e-06
2.687775866395606139e-06
2.080859933977837792e-06
1.613839949256443544e-06
1.206640442544427647e-06
8.861381852468521880e-07
6.303305974545028996e-07
4.199062626298385049e-07
3.657453681474006555e-05
3.439995286712602363e-05
2.940528666376612005e-05
2.329167507278730729e-05
1.756651978363578775e-05
1.368257370520017325e-05
1.143437017082190503e-05
1.039667063481208936e-05
8.029822197314999399e-06
6.674933193314140649e-06
5.515855517460922604e-06
4.646227264267837207e-06
3.634863258787950749e-06
3.064222174895130439e-06
2.341074091370202581e-06
1.828309636271688512e-06
1.363622276563838574e-06
9.397881218443491100e-07
6.807001824549279749e-07
4.407165946907772040e-07
4.959984115241064078e-05
4.865059665342571214e-05
4.192716068660001924e-05
3.167798437680842757e-05
2.439609231438965797e-05
1.822233015297286150e-05
1.552773814451020171e-05
1.446058255842914472e-05
1.112563357225351872e-05
9.450205420996467696e-06
7.572012428097055012e-06
6.546737529772995929e-06
5.363176040266657057e-06
4.256914411565065559e-06
3.257480779461759154e-06
2.397767999228294653e-06
1.735860053930919716e-06
1.284404010425950080e-06
8.405874795501803500e-07
5.635059879316011363e-07
6.095536042621042442e-05
5.672636313462011011e-05
4.958169582026432051e-05
3.897836368345092040e-05
2.828690917939706502e-05
2.148064740440289822e-05
1.817931954556282779e-05
1.730312782108272166e-05
1.321783078819050468e-05
1.109455191691593156e-05
9.355960537354644408e-06
7.772425375643750699e-06
6.125248636671445620e-06
4.838330074009003482e-06
3.835483508283652545e-06
2.850224913884349297e-06
2.057027523225272600e-06
1.426234495336909559e-06
9.435701501252843119e-07
6.073858758920618606e-07
7.870220025723640486e-05
7.055047463763832241e-05
5.809555229826443297e-05
4.817035141227014080e-05
3.494270461940566098e-05
2.700359102116688120e-05
2.282989812343638440e-05
2.188122287479942588e-05
1.686554932399551021e-05
1.404647606726077837e-05
1.149470589613547999e-05
9.727171940097146293e-06
7.550934603871919880e-06
5.920860035399643176e-06
4.423055186179917331e-06
3.371540543122486931e-06
2.403268288521174803e-06
1.620191763997856104e-06
1.065526975697058271e-06
6.468786316577434140e-07
-1.338983786909669828e-06
-9.031732160349958277e-07
6.338800304204903014e-07
1.817630395951091800e-06
7.223568791598425540e-07
7.860937049062552770e-07
1.105800604469409707e-06
1.335929939803726339e-06
6.874400354709550184e-07
8.622944777901154717e-07
5.701695137171012793e-07
4.605296053975044144e-07
4.408723814527157750e-07
5.077364731642522712e-07
3.650618988346419843e-07
2.768728196232248452e-07
2.578715077693069603e-07
1.954249406054321899e-07
1.937017293269438577e-07
1.433752845716920462e-07
-4.839894728163911848e-07
6.198408912225611624e-07
5.967729548859801424e-07
9.079134464818815849e-07
5.394702243873217677e-07
1.245670888530944446e-06
1.910581898606494810e-06
1.859644583655213227e-06
1.366175518722136737e-06
1.445930473265378704e-06
1.094853245058353164e-06
9.074498470105619354e-07
7.566801336968710815e-07
7.191791627197278552e-07
5.165190907489075188e-07
4.315172500295219228e-07
3.500246384317428540e-07
3.274298250789822902e-07
2.841814775803130771e-07
2.314744067277341956e-07
1.132220365816975570e-06
9.945249871357715191e-08
3.260517690244806247e-07
8.239781935014873985e-07
1.105797537322815613e-06
1.855776056139509131e-06
2.641180576309391558e-06
2.472005878539707524e-06
1.618027159584516216e-06
1.755234952862759906e-06
1.242146797263277921e-06
1.266421222319143346e-06
1.031259793886846806e-06
8.277266059848717643e-07
7.026120120093850282e-07
6.010346958757921646e-07
5.447978650082645458e-07
4.386006561177302416e-07
3.628740402470779327e-07
3.116017017415479512e-07
-5.060742201671005289e-07
7.460405527591476337e-07
2.475408595208632150e-07
5.129387605994850151e-07
8.499487452624352762e-07
2.472132149282724836e-06
3.158045773882011601e-06
3.010309386919905902e-06
2.078803330095959849e-06
1.897185262489054512e-06
1.550395364411397898e-06
1.429918192167092907e-06
1.217025432113297525e-06
8.951440689729582586e-07
8.206710317763758779e-07
6.310880860644557799e-07
6.057854818023237349e-07
4.984881213968585192e-07
3.915141275847924254e-07
3.564570601351359866e-07
5.395169635089866486e-07
7.894935349046970104e-08
5.369428316362114775e-08
9.724752118800938894e-07
1.173561361607798651e-06
2.693491368211561883e-06
3.745245838365317045e-06
3.734129875830915197e-06
2.452242238652411576e-06
2.336354544030774453e-06
1.970002006932215725e-06
1.470334906153380640e-06
1.337459737927383193e-06
1.132575985773826419e-06
1.000373198431954997e-06
7.999864046212750398e-07
6.341434636145225105e-07
5.555786783652613308e-07
4.807776896245750720e-07
4.200481719363817829e-07
-1.611845414451598115e-06
1.006603971738280222e-07
-2.871667338386388548e-07
8.079438879339946291e-07
2.242899191773437514e-06
4.054741391616414060e-06
5.510644991210358578e-06
5.116258194357156745e-06
3.789973788591937460e-06
3.391627964102776082e-06
2.756763107005545225e-06
2.426833472750822367e-06
1.943996802728065459e-06
1.573771145790535970e-06
1.321008542934185226e-06
1.147372630830001068e-06
9.763509466909739244e-07
8.630473625857048618e-07
7.559062811687476568e-07
6.246202713601134844e-07
-1.882523245558959124e-07
2.682053133592672071e-07
9.629978251447068759e-07
1.231008714251772288e-06
3.181308386738986343e-06
4.614513019265331733e-06
6.053387950890319770e-06
5.824025548971549739e-06
4.150371752545059901e-06
3.848302579564889026e-06
3.177821571735210084e-06
2.672176911894911704e-06
2.135250758521422903e-06
1.761382590098462007e-06
1.610640721212157292e-06
1.335599453446063005e-06
1.137322541009679497e-06
9.702563322794461645e-07
8.415237489934899973e-07
7.147414939852211539e-07
1.315139378545545999e-06
2.491248131473586782e-07
1.336149706090169095e-06
1.740892930718601267e-06
4.416099232039172440e-06
6.162591147713789847e-06
8.585692009053019964e-06
8.012067955415392399e-06
5.660203862194643368e-06
5.080388940848060185e-06
4.134942067359292133e-06
3.737815735224507388e-06
3.055422233263639931e-06
2.410677047534723343e-06
2.133156225553504786e-06
1.865656369011870110e-06
1.558577440081137606e-06
1.361117749227388842e-06
1.225054542746480806e-06
1.039523760500673725e-06
-1.286035269824670838e-06
-1.226734638856772519e-07
1.707678161942183601e-06
1.792039195490452554e-06
4.863131530401645973e-06
7.748341558450115192e-06
1.020149310799650732e-05
9.589949015786580102e-06
6.600278885763606658e-06
6.277949955145474216e-06
4.979881377792307902e-06
4.166314359757968623e-06
3.503400153457472982e-06
3.104176988438951770e-06
2.600303235841488157e-06
2.206983565349410191e-06
1.897133327699235962e-06
1.693154400634797107e-06
1.433857695180537138e-06
1.220458988031213898e-06
2.645293264130204237e-06
5.927207716131375248e-07
1.883289036368829348e-06
4.273879224905905850e-06
5.528495067276695686e-06
9.054669054313826208e-06
1.258401051616125194e-05
1.196907140217619102e-05
7.520030009186525032e-06
7.790327000153862987e-06
5.968728198765159728e-06
5.501445450465520710e-06
4.407189629131072728e-06
3.910665968891098033e-06
3.393774126642793365e-06
2.867000053405630437e-06
2.528686928115652231e-06
2.112971403536174457e-06
1.817007079916050338e-06
1.527419715681089902e-06
-1.819499739359981050e-09
-4.465179385743023600e-10
-7.721004001643920135e-11
-6.938762430267796735e-12
2.842208897587949204e-10
-3.391768947078106846e-10
-7.765632617588273376e-11
-1.103869435366638979e-11
-1.577990960848834529e-09
-5.224904510898345081e-10
-1.098529684957578997e-10
-1.233250190486399093e-11
-1.156091122618870814e-10
-4.403044467116145001e-10
-1.080148373722562245e-10
-1.107473697605822290e-11
-1.565368940467547893e-09
-5.373431956290246293e-10
-1.162861183669496642e-10
-1.377536351413356699e-11
-2.764971591512291370e-09
-6.496793345534815042e-10
-1.340458071584567940e-10
-1.760114628174282037e-11
-2.954477345865098963e-09
-7.513237554586069480e-10
-1.527222091073802113e-10
-1.871476803937600273e-11
-3.826208040683853498e-09
-8.512621873335698022e-10
-1.659650417835241362e-10
-2.166330020399254364e-11
-3.805692605076915224e-09
-9.350963871600290715e-10
-1.856419011475134679e-10
-2.377633431612790349e-11
-2.357045957035282980e-09
-9.345562873330912708e-10
-1.906346422295246510e-10
-2.369861199580012582e-11
-2.750757637970561950e-09
-7.312561367222293928e-10
-1.568177701944250029e-10
-1.960503335345314426e-11
-2.230316216311399322e-09
-9.993698032892371476e-10
-2.058621858836457594e-10
-2.573893674502777687e-11
-3.385472884712587229e-09
-1.013053359902353818e-09
-2.060733775319034712e-10
-2.630972413674967637e-11
-3.663623485250760552e-09
-1.380892669471134091e-09
-2.666890262483347987e-10
-3.333449712391548881e-11
-4.003888760445328164e-09
-1.450561346772080708e-09
-2.913263945123809421e-10
-3.584073997160915463e-11
-5.496758696510022786e-09
-1.630192034140045871e-09
-3.161436970405851142e-10
-3.898095925127376798e-11
-5.675396329532406850e-09
-1.768371245490788828e-09
-3.529709356967384180e-10
-4.666607981449509714e-11
-7.495766903403854736e-09
-2.058085668580858975e-09
-4.011361200642907066e-10
-5.196775247162692386e-11
-1.034357590931322187e-08
-2.273970797040569456e-09
-4.476478654555984170e-10
-5.851366310498705724e-11
-1.392109072956393158e-08
-2.795663910502610333e-09
-4.918229257373022331e-10
-6.327394087239507192e-11
