# bin_3_3
3.166104510792137361e-08
3.208886535810753428e-08
3.258698410420924665e-08
3.315117242247954525e-08
3.378938539644787414e-08
3.450590425788451503e-08
3.529611891020277694e-08
3.617597696751400520e-08
3.714836986528820598e-08
3.820962282884028888e-08
3.937788200274408804e-08
4.063250360948023548e-08
4.198590874909801191e-08
4.340745370024652650e-08
4.488703213656135876e-08
4.639807288826527970e-08
4.788811423128586839e-08
4.928441350675629635e-08
5.053996816831871226e-08
5.162337926287789624e-08
5.255222100139010744e-08
5.327344902347943319e-08
5.362301910955975374e-08
5.348757931823275028e-08
5.292038334987168345e-08
5.189519675614382262e-08
5.031925655623674696e-08
4.815323747997297375e-08
4.546779506546982156e-08
4.230933719677754272e-08
3.867688092558116223e-08
3.477040918746049554e-08
3.065379899912456152e-08
2.652651451159412311e-08
2.252481097168218724e-08
1.882745679151526482e-08
1.553383480105640455e-08
1.272819678378177885e-08
1.041538685007253317e-08
8.539798443443665695e-09
7.013002288543688710e-09
5.741415753265669458e-09
4.656928209881366640e-09
3.733619813054667944e-09
2.977226668531169512e-09
2.389697735305679292e-09
1.940896105006801603e-09
1.585557577021794135e-09
1.298104874844530574e-09
1.069730371287200133e-09
8.873511119285878561e-10
7.389624208152176434e-10
6.170708096743644388e-10
5.157951450110169090e-10
4.307040968940751826e-10
3.586325657983221753e-10
2.972591821945573996e-10
2.448894842301437797e-10
2.002537812327928565e-10
1.623636243029245977e-10
1.304106279083304415e-10
1.036976145996381867e-10
8.159523019369818991e-11
6.351888175907647823e-11
4.891901850484686767e-11
3.727987430090650071e-11
2.812306138671865109e-11
2.101287775283001342e-11
1.556127362728476985e-11
1.143096448081775810e-11
8.336053587533600031e-12
6.040082532937685834e-12
4.351953799593998129e-12
3.120459477591985307e-12
2.228192051965163023e-12
1.585487850329621289e-12
1.124848613191285102e-12
7.960850034955354513e-13
5.622792375243481778e-13
3.964875233666671509e-13
2.792058073423321171e-13
1.964057203746527442e-13
1.380569603323002337e-13
9.698989650169914484e-14
6.811931812910873769e-14
4.784809443915157855e-14
3.362549350130320906e-14
2.365496703966621799e-14
1.667362971171184826e-14
1.179183572298575522e-14
8.383611914347568068e-15
6.008846287664121808e-15
4.360633259830130070e-15
3.223265295499811692e-15
2.445459840804250922e-15
1.920142531370282962e-15
1.572613693995324159e-15
1.349123464026763060e-15
1.211863779605643546e-15
1.132992159301495718e-15
