# bin_4_1
1.692673194839947141e-08
1.708571920752153487e-08
1.726439284331583001e-08
1.746368689712783158e-08
1.768152668045022360e-08
1.791730624902266303e-08
1.815293352892601051e-08
1.840633750815677464e-08
1.866479683116228600e-08
1.892758703471197913e-08
1.918122596157154860e-08
1.942957241944921514e-08
1.965460833331582961e-08
1.987004741856832256e-08
2.004442583914969814e-08
2.017686051589808661e-08
2.024730548449040887e-08
2.023473243896954367e-08
2.007997947566406536e-08
1.974136290452775119e-08
1.921190279195700761e-08
1.855569802331276262e-08
1.785056411079514757e-08
1.702922293143169504e-08
1.597432589366088248e-08
1.476847357839710037e-08
1.353255335544227127e-08
1.223747289244919513e-08
1.088318694801540820e-08
9.506221772615594007e-09
8.261508729319015154e-09
7.062479583267903556e-09
6.009328224776223058e-09
5.066813269959467001e-09
4.235385424415711442e-09
3.530888046231512154e-09
2.923290831178869188e-09
2.404367332212612121e-09
1.976255011400882334e-09
1.615331534392303654e-09
1.311139676460743455e-09
1.063653256540317282e-09
8.667479572947124668e-10
7.124384795237219392e-10
5.880297670734466707e-10
4.846263019537527025e-10
3.998201722988524885e-10
3.302689650901732115e-10
2.741647118850766884e-10
2.282047674157312208e-10
1.896144054650958784e-10
1.573498161820149952e-10
1.302406497939012372e-10
1.073550838676148455e-10
8.803644556867026656e-11
7.174774819967341560e-11
5.806023784621539441e-11
4.662378127415590965e-11
3.713473318095638688e-11
2.932700565014098156e-11
2.296204146150222894e-11
1.782412335713315980e-11
1.371872496383988958e-11
1.047187726613361020e-11
7.929951913663369396e-12
5.959411036789850239e-12
4.446189342772992144e-12
3.294536652758070881e-12
2.425480835926372450e-12
1.774923370135131505e-12
1.291600539845967800e-12
9.350609068161212947e-13
6.737806353750035482e-13
4.834722223586709714e-13
3.456259145471829323e-13
2.462776988307839117e-13
1.749931875988946998e-13
1.240440639032557848e-13
8.775180559627272210e-14
6.198415835751995434e-14
4.373704715183897511e-14
3.083538035492674369e-14
2.172816277188543784e-14
1.531577591022446219e-14
1.081045069293256936e-14
7.639640486027236073e-15
5.425829888248350998e-15
3.872561816153610099e-15
2.791809732646145504e-15
2.041217335492960118e-15
1.521541973751243549e-15
1.164950989368346201e-15
9.234438926537789301e-16
7.628733901859992909e-16
6.580329402696536892e-16
5.913644466563294304e-16
5.497728091287699314e-16
5.247155857163941514e-16
5.101725519336783328e-16
5.020060270292524532e-16
