# bin_4_4
3.482433451604609002e-08
3.534825363799091137e-08
3.594734555375348524e-08
3.662895337302559887e-08
3.740154977065146487e-08
3.827165105662675792e-08
3.922814737709967972e-08
4.030264030286098923e-08
4.149034306928794006e-08
4.280049256000701610e-08
4.422214153757638759e-08
4.577814553772871335e-08
4.744438190638893014e-08
4.924844324118209438e-08
5.114669698939565112e-08
5.313503433958287700e-08
5.517816717501842406e-08
5.723106587322146787e-08
5.920241354518251828e-08
6.099939026625002465e-08
6.257212135955448950e-08
6.392329134207349425e-08
6.505296934143655934e-08
6.579508554024939794e-08
6.594219753379381961e-08
6.549748714127274796e-08
6.450072767487060757e-08
6.284096910959545568e-08
6.045444790561529448e-08
5.734985404910140854e-08
5.367346689304962337e-08
4.937287971494255901e-08
4.466091936792549220e-08
3.965651595129127135e-08
3.454982246756886175e-08
2.955806578584487856e-08
2.485988369968957888e-08
2.061781945647105304e-08
1.694751651161765941e-08
1.386813055784054552e-08
1.134638581852316304e-08
9.295854102340016997e-09
7.606821723165225444e-09
6.186368097464465420e-09
4.982163202672318923e-09
3.979310127800154875e-09
3.177197925342988279e-09
2.558313990473653771e-09
2.079640604014341274e-09
1.696882888649203811e-09
1.388570915187820804e-09
1.144512370320333366e-09
9.478864093229940840e-10
7.873804326369014289e-10
6.553053834916701725e-10
5.453101746929287457e-10
4.529195012503657685e-10
3.748293389271821010e-10
3.085939509040710666e-10
2.523976362219534263e-10
2.048428263787057508e-10
1.648080066272037767e-10
1.313517800332065040e-10
1.036484934005797000e-10
8.094977470377236182e-11
6.256571068066237115e-11
4.785761788742224198e-11
3.623802276173599318e-11
2.717402672344868295e-11
2.019109697095623159e-11
1.487554131174445512e-11
1.087472125322706770e-11
7.894787428518784175e-12
5.696233409582204606e-12
4.087888562571279140e-12
2.920077539508295578e-12
2.077632275843085264e-12
1.473289001929670706e-12
1.041808474169676373e-12
7.349882174948721288e-13
5.175451109537520048e-13
3.638648735599056283e-13
2.554991542695750114e-13
1.792393149843093471e-13
1.256605570214454663e-13
8.805688598354364019e-14
6.170991628090162916e-14
4.325659887969025876e-14
3.035097971712842487e-14
2.133335738609398884e-14
1.503862004509207880e-14
1.065127314957290148e-14
7.600686671873647068e-15
5.487132750224121676e-15
4.029770961425282949e-15
3.032584506236389628e-15
2.358253011981076904e-15
1.910289588230032195e-15
1.620611327529349843e-15
1.439998631941059290e-15
