# bin_2_1
1.504056642026144126e-08
1.517776012805111396e-08
1.533324797013576435e-08
1.549197670940324515e-08
1.567627583932224672e-08
1.587338931327755175e-08
1.607689614502486078e-08
1.627970324198565523e-08
1.647763260223928287e-08
1.665817190974056411e-08
1.683778958720963778e-08
1.698559080109634448e-08
1.709352203952692540e-08
1.717318840617789914e-08
1.720141170972752838e-08
1.718621947530500059e-08
1.711733070351006306e-08
1.697886997985865596e-08
1.674786209487989713e-08
1.637752886577076980e-08
1.581233856384503225e-08
1.505225621813363900e-08
1.419635449739075210e-08
1.335530820448262255e-08
1.244662096816068383e-08
1.133407683577093799e-08
1.014011506910746642e-08
8.997161842713488975e-09
7.871639309045188676e-09
6.748880300519356573e-09
5.690229025673260296e-09
4.814436146634713477e-09
3.996052510306069113e-09
3.323447749062677230e-09
2.740228419562575053e-09
2.251244549590312721e-09
1.847889017971790458e-09
1.510913979316603906e-09
1.230230055951920832e-09
1.006234246719575666e-09
8.171365303726922046e-10
6.646076778102587877e-10
5.439833800132729187e-10
4.488683956877581902e-10
3.721889712719937779e-10
3.094285068288834041e-10
2.584214526969629543e-10
2.160952128548484704e-10
1.808023448519169781e-10
1.512299208626807066e-10
1.261774151146989168e-10
1.048670070828966351e-10
8.669423806644301494e-11
7.120346883426017574e-11
5.803992552083600723e-11
4.691446984977023406e-11
3.758029995023613552e-11
2.981929999569014665e-11
2.343250655450761847e-11
1.823476774890632725e-11
1.405386320421127655e-11
1.073062577241307490e-11
8.120195705533922324e-12
6.093202129394532251e-12
4.536514913284178966e-12
3.353337945306941474e-12
2.462641032745615335e-12
1.797949257966038892e-12
1.305810710037635660e-12
9.439884121554384731e-13
6.796348200163626853e-13
4.875576017474740976e-13
3.486708292777908308e-13
2.486714177751266028e-13
1.769376203841887416e-13
1.256457028311129300e-13
8.907247399741757435e-14
6.305687259832368928e-14
4.458883890267247772e-14
3.150105045031806565e-14
2.225475786371469389e-14
1.572799816484990769e-14
1.111946611674825453e-14
7.867232231275414768e-15
5.585118189057085461e-15
3.984017516017910666e-15
2.856349973402474590e-15
2.077050908278580008e-15
1.530999712075089028e-15
1.154620656050641335e-15
8.975953919471476138e-16
7.234128413475380520e-16
6.077052212379352016e-16
5.338175820188446507e-16
4.880959466370914069e-16
4.612688402400999839e-16
4.459270382156473866e-16
4.378283223558403664e-16
4.338389083320949346e-16
4.320641660205763749e-16
