# bin_4_2
1.002384830064222371e-05
9.648411125572594525e-06
9.093052020914308792e-06
8.383851028765379942e-06
7.559186186396558859e-06
6.668400325874665475e-06
5.764198010822048010e-06
4.894937749519614013e-06
4.098621496904623641e-06
3.399611274778372935e-06
2.808319168215918376e-06
2.323176809122406948e-06
1.933913125635229279e-06
1.625189334714575817e-06
1.379892436136467807e-06
1.181696285455202518e-06
1.016760993935493266e-06
8.742430754528218113e-07
7.463310812440184831e-07
6.286337218734310830e-07
