# bin_3_1
3.868296268915965651e-06
3.800428689553745943e-06
3.664582461330959744e-06
3.463241248562264131e-06
3.203807736736946444e-06
2.899545406783617819e-06
2.567907695698949644e-06
2.228050911168457719e-06
1.898102542392432475e-06
1.592826989559936410e-06
1.322223523595659309e-06
1.091174897484990021e-06
8.999961163016049852e-07
7.455447284917198206e-07
6.225388841031456269e-07
5.248025740058850336e-07
4.462580495787072468e-07
3.816039664226879326e-07
3.264959837239157608e-07
2.779274264171929835e-07
