# bin_4_1
4.442400477662757494e-06
4.333493930835856239e-06
4.149312643377217270e-06
3.895179219515295559e-06
3.581330271310375879e-06
3.223792516049445878e-06
2.842376328953074047e-06
2.457948400778306841e-06
2.089589249372900049e-06
1.752281370250020103e-06
1.455639031604090460e-06
1.203750932457148031e-06
9.959348282848395931e-07
8.280267217550080063e-07
6.938315688621608332e-07
5.864550879917193474e-07
4.993118987238091271e-07
4.265609480455992516e-07
3.638512825452632297e-07
3.086983565507859502e-07
