# bin_4_3
1.828329855009490153e-05
1.733005819463482246e-05
1.605682923191659552e-05
1.454076257170902718e-05
1.287608091422211519e-05
1.116626249803989721e-05
9.507892640695569521e-06
7.978226477913434743e-06
6.628413134375312179e-06
5.482336262132222314e-06
4.540054387037893480e-06
3.783867294878471467e-06
3.185267458806901933e-06
2.711409332138826546e-06
2.330233756016774847e-06
2.013994920426022318e-06
1.741260413627573942e-06
1.497711894033242255e-06
1.270873861633354831e-06
1.053913474040903374e-06
