# bin_3_2
8.514064009526217238e-06
8.251244894397139330e-06
7.830289745877980760e-06
7.268351510494917344e-06
6.594640141443177973e-06
5.849808848991492087e-06
5.079573198152428671e-06
4.327704478138766468e-06
3.630153556301975789e-06
3.011454764079802474e-06
2.483829741771758017e-06
2.048487717346487481e-06
1.698286408517984300e-06
1.420885295220969448e-06
1.201718985934334953e-06
1.026382626136406722e-06
8.822723609260902475e-07
7.595239781232167630e-07
6.508313525387862156e-07
5.508606079177313221e-07
