# bin_2_2
5.378716218951425546e-06
5.274419909125033886e-06
5.071826941328506993e-06
4.775108992749440178e-06
4.396221633963544403e-06
3.955965613002601656e-06
3.481075338100032596e-06
3.000076673854036066e-06
2.539011717853230903e-06
2.118101354835213591e-06
1.750050575610062509e-06
1.439991703514133384e-06
1.186665989114456154e-06
9.842656084355617203e-07
8.244190403510498717e-07
6.979457900517281971e-07
5.961750122656005151e-07
5.117658484064014410e-07
4.391743210597426487e-07
3.744115989115930594e-07
