# bin_1_1
1.468866024306415466e-06
1.472598813093054748e-06
1.453757871929343290e-06
1.410523921263653976e-06
1.342406147380964093e-06
1.251180315424176566e-06
1.140940369537654547e-06
1.017708219223122954e-06
8.886128033010489737e-07
7.608205395565354301e-07
6.405378932036697839e-07
5.323025646917761014e-07
4.386949116287950605e-07
3.604368650205881153e-07
2.967622818155119207e-07
2.459048985863417010e-07
2.055768440788609164e-07
1.734359668949601372e-07
1.473910015895674392e-07
1.257065121863024667e-07
