# bin_3_3
1.486445599251951767e-05
1.420093271451461628e-05
1.326434341420502722e-05
1.210710594628893380e-05
1.079971264236851696e-05
9.425198155848075820e-06
8.065573513225923451e-06
6.790239709388506654e-06
5.648658921309098603e-06
4.667814645111152840e-06
3.853937891242326787e-06
3.196952028207238569e-06
2.676078992882857903e-06
2.265363129199547753e-06
1.938253542676873312e-06
1.670883674512785941e-06
1.444052422015646248e-06
1.244306454347378592e-06
1.061786103026779402e-06
8.874066741075898423e-07
