# bin_2_1
2.668526822220636459e-06
2.648100118971490787e-06
2.582444807285687327e-06
2.470601992543660613e-06
2.314824852419428054e-06
2.121794974955150284e-06
1.902014373518291100e-06
1.668392235711691145e-06
1.434324831927705368e-06
1.211759424496365934e-06
1.009761975974669458e-06
8.338267531135764476e-07
6.859324306179880143e-07
5.651442899713081762e-07
4.685011362771608646e-07
3.919425793834578364e-07
3.311032256254453092e-07
2.819205928704182590e-07
2.410469944490911570e-07
2.059085484386268491e-07
