# bin_4_4
2.381217879743728976e-05
2.231351907406319316e-05
2.044136214587802659e-05
1.831572914396056858e-05
1.606737105637919604e-05
1.382782367152128269e-05
1.171081211718068524e-05
9.799954519507241509e-06
8.143881243445737436e-06
6.757757831818027089e-06
5.629501144295943966e-06
4.728247799459222473e-06
4.013168072955387284e-06
3.441115364296931856e-06
2.972345789505867434e-06
2.574239703053865772e-06
2.223358690006273163e-06
1.903253576253507645e-06
1.597828018105734029e-06
1.312567514089931859e-06
