# bin_3_2
2.842556088166305070e-05
2.345981638266395161e-05
1.924053043632783873e-05
1.573928582234121774e-05
1.288794241748027352e-05
1.059419728577481104e-05
8.756020482126715361e-06
7.274454679496529026e-06
6.062874832110123790e-06
5.051865166800401163e-06
4.190321008041732791e-06
3.443791533964969213e-06
2.791229705850288653e-06
2.221148172518181769e-06
1.727919255006276171e-06
1.308676841902100695e-06
9.610588720302247715e-07
6.819687979934193932e-07
4.664547816322604146e-07
3.057166611389999843e-07
