# bin_3_3
4.438947599188534997e-05
3.651242432480087405e-05
2.993888161930669634e-05
2.456378458850624340e-05
2.022746795164647522e-05
1.674733255811907789e-05
1.394219978877860939e-05
1.165031205434965771e-05
9.739858218091622250e-06
8.112235232381750049e-06
6.699998966062794863e-06
5.461492655730062217e-06
4.373988211141111112e-06
3.426802490194032682e-06
2.615301819493405275e-06
1.936301171512164514e-06
1.385123225852316478e-06
9.549029797240597123e-07
6.347768950055475198e-07
4.001328861709001306e-07
