# bin_4_3
5.222628748378636723e-05
4.297199139164434154e-05
3.529419890579647411e-05
2.903798782591045946e-05
2.399289339796057088e-05
1.993148878642792725e-05
1.663676106479038667e-05
1.392091265498578747e-05
1.163516572377993043e-05
9.671344253241828291e-06
7.957790488463693443e-06
6.451945487395036209e-06
5.131714052535638304e-06
3.987215352392528110e-06
3.013843440264995824e-06
2.207218597375826223e-06
1.560314647294542363e-06
1.063442670335381898e-06
6.976263485170564077e-07
4.283575864389884671e-07
