# bin_4_2
3.214559147967923855e-05
2.652084024752318116e-05
2.176639037199351416e-05
1.783525011600679833e-05
1.463856164513619909e-05
1.206435714489213960e-05
9.993797247014469653e-06
8.314855225211809377e-06
6.931692386668100804e-06
5.769083702910241851e-06
4.772770427398898145e-06
3.906955457315940454e-06
3.150260782174102935e-06
2.491231455543221113e-06
1.924166719776379190e-06
1.445765586031635712e-06
1.052863735731719538e-06
7.407342459129436343e-07
5.014089432144891953e-07
3.239363769530005381e-07
