# bin_2_1
1.126456987309151173e-05
9.420540288329571501e-06
7.793323882319779091e-06
6.393997174634231397e-06
5.219410769741809379e-06
4.254213809124476867e-06
3.473880204126352409e-06
2.848760889855016705e-06
2.348220053404025425e-06
1.943964319795821542e-06
1.612178435313794382e-06
1.334418895742100093e-06
1.097512021527362036e-06
8.927984473279395310e-07
7.150631857920207098e-07
5.614139635189277192e-07
4.302591027602663475e-07
3.205075122639761011e-07
2.311154194378203188e-07
1.607560104481900373e-07
