# bin_4_4
6.443029145716453300e-05
5.310954682175616560e-05
4.377222508048214585e-05
3.617919479206307487e-05
3.004038772892888930e-05
2.506233053787282412e-05
2.097816780980622689e-05
1.756608237203867155e-05
1.465689544287046484e-05
1.213243190617383868e-05
9.917991791944486766e-06
7.971688628700781791e-06
6.273188689941100484e-06
4.813541132548989448e-06
3.587064560407749496e-06
2.585989528239776835e-06
1.798614496457453365e-06
1.207549415629957546e-06
7.730607700200472076e-07
4.533879372681622066e-07
