# bin_2_2
1.985704864071813152e-05
1.645931730658609259e-05
1.352567123354680984e-05
1.105665009927086916e-05
9.024354282018132766e-06
7.380131122067354258e-06
6.063153761297490793e-06
5.009348599668856443e-06
4.158863562535266234e-06
3.460914993569194116e-06
2.875972994704403768e-06
2.375745962665450304e-06
1.941702791349215633e-06
1.562842489575466521e-06
1.233293258237740986e-06
9.501368727995721481e-07
7.116686095067694918e-07
5.161437960953468664e-07
3.611532102388175767e-07
2.430641139920264042e-07
