# bin_4_1
1.640128058917855771e-05
1.364071096011079578e-05
1.125040877756296422e-05
9.228635022158946817e-06
7.553135196362089572e-06
6.186754475142220142e-06
5.083347199504989083e-06
4.194050196328186695e-06
3.472731250257710069e-06
2.879702064307209117e-06
2.383547843801632130e-06
1.961298872487823537e-06
1.597445571863636674e-06
1.282321805682948895e-06
1.010309038418105048e-06
7.782038342225391181e-07
5.839188086646929794e-07
4.251486528716123072e-07
2.987471960241530828e-07
2.017737598433893722e-07
