# bin_1_1
7.031121327002565954e-06
5.933200062722674763e-06
4.945291994986863132e-06
4.078743538516642429e-06
3.337499099433425523e-06
2.718299535691400373e-06
2.211547199946968572e-06
1.803081319396109707e-06
1.476438584126908355e-06
1.215016728848234595e-06
1.003771938427978733e-06
8.302357967336973431e-07
6.848798347435031896e-07
5.609744683200465632e-07
4.541365440882639290e-07
3.617338632742160982e-07
2.822377448019520938e-07
2.147281465144689283e-07
1.585859939862825061e-07
1.132245712035924971e-07
