# bin_3_1
1.488683849791573803e-05
1.238969697901883747e-05
1.021700939001837568e-05
8.372773784805102586e-06
6.841493560904707410e-06
5.592762984825782193e-06
4.586528554157338989e-06
3.778945975565315670e-06
3.127658899434373126e-06
2.595563275700719498e-06
2.152834478661588933e-06
1.777367756654734921e-06
1.454068297334288395e-06
1.173475032672975222e-06
9.301447283342941932e-07
7.211141591324243655e-07
5.446269826486213933e-07
3.992471910394420424e-07
2.829826073080831320e-07
1.930249330979982889e-07
