# theta_edges
# unit = radians
8.726646259971649038e-04
1.098619673641683565e-03
1.383080225044530393e-03
1.741194841858554601e-03
2.192034433300660799e-03
2.759607851610028015e-03
3.474140450978571021e-03
4.373683697878971363e-03
5.506141550409719525e-03
6.931821518746530443e-03
8.726646259971644268e-03
1.098619673641683045e-02
1.383080225044530653e-02
1.741194841858554818e-02
2.192034433300660973e-02
2.759607851610028709e-02
3.474140450978572409e-02
4.373683697878972404e-02
5.506141550409721086e-02
6.931821518746530963e-02
8.726646259971646002e-02
