# bin_4_2
2.711564346917608386e-08
2.746986916933566871e-08
2.787279439247678388e-08
2.832801745992856325e-08
2.883934487462584771e-08
2.940912217152155265e-08
3.002192525186766390e-08
3.070237220814970973e-08
3.144025420842838869e-08
3.223906157168519220e-08
3.308316679837471524e-08
3.398625955001083598e-08
3.492183925790501357e-08
3.590934754512153517e-08
3.690457361545595741e-08
3.790029419865312468e-08
3.886231545379794649e-08
3.974954037629313698e-08
4.047954130118267326e-08
4.097517270254486592e-08
4.120274552457561379e-08
4.119015755356166767e-08
4.097065889132538556e-08
4.042314614895259429e-08
3.938967706615368705e-08
3.792794253801617912e-08
3.613708964885259549e-08
3.397149437032886503e-08
3.143257555605766248e-08
2.858653714763696702e-08
2.562453617049313137e-08
2.252290010425518135e-08
1.948510773620970727e-08
1.658388057617802203e-08
1.391698055984835718e-08
1.156745012420674066e-08
9.551368804552139418e-09
7.861476340228618515e-09
6.467465044667954351e-09
5.300269232469446412e-09
4.316592752337619782e-09
3.493563477223877922e-09
2.816708171511592128e-09
2.272477970452324950e-09
1.840169064497307594e-09
1.496609609019367028e-09
1.221938125373391648e-09
1.002034486469231509e-09
8.274027232023933200e-10
6.870916135290568839e-10
5.721703167180907942e-10
4.775842379060555443e-10
3.989563375161572739e-10
3.328451438204847281e-10
2.768774004120702872e-10
2.292730454069349342e-10
1.887158785155648033e-10
1.542131047256998833e-10
1.249806228335353773e-10
1.003744931848059400e-10
7.983777327429149443e-11
6.286866821711608456e-11
4.900348971290910370e-11
3.780930991930082709e-11
2.888281812768234845e-11
2.185282572143289938e-11
1.638389104637316337e-11
1.217934282778512166e-11
8.982829331468415084e-12
6.577898708340054310e-12
4.785805677422089149e-12
3.461975630829313085e-12
2.491680899298661767e-12
1.785433333361556128e-12
1.274504854247027432e-12
9.068326914071183760e-13
6.434542614696900889e-13
4.555181273570235792e-13
3.218548942525987919e-13
2.270636821655754667e-13
1.599972136868798356e-13
1.126300939694230611e-13
7.922850255859867875e-14
5.571368298740727727e-14
3.918072830599329960e-14
2.755882664121779415e-14
1.941158579129033615e-14
1.369469990074262643e-14
9.694500158421298449e-15
6.899376022574041727e-15
4.950133723850874163e-15
3.595985732167364831e-15
2.661288376934024444e-15
2.022208916689715186e-15
1.590575620225579413e-15
1.304505675522374975e-15
1.120088687101580735e-15
1.006064040506028519e-15
9.397159251721134332e-16
9.038565057538018525e-16
