# bin_3_2
2.640922631991061399e-08
2.672672743936143659e-08
2.709691010900830508e-08
2.751376647046092447e-08
2.798254120083924338e-08
2.850467734003503625e-08
2.907309247786693285e-08
2.969955892954411011e-08
3.038373242648874192e-08
3.111955886330314136e-08
3.192019520274537934e-08
3.276346320295185924e-08
3.365715871797473813e-08
3.457103570939857713e-08
3.549278047014875578e-08
3.639638832896128086e-08
3.723216249989398125e-08
3.793411850167621910e-08
3.846161045178969092e-08
3.879540144714532764e-08
3.896530938408458299e-08
3.893727713191160945e-08
3.857416289284452291e-08
3.779258360379930601e-08
3.667438340197245634e-08
3.522726748886209838e-08
3.339671102861636795e-08
3.118053008316630925e-08
2.867966954511290355e-08
2.596833718618562017e-08
2.306505583114546069e-08
2.016331868785355148e-08
1.730280477086993158e-08
1.462627146330780685e-08
1.219159027160956758e-08
1.007751744183316327e-08
8.281671276572706913e-09
6.799673564431069735e-09
5.583103613319855512e-09
4.571286584395960278e-09
3.720185972947374173e-09
3.007800453895133568e-09
2.422219468558967262e-09
1.952370219717005898e-09
1.580591797512829377e-09
1.287433064707910402e-09
1.055235145759806081e-09
8.696766350177864946e-10
7.209227478065057948e-10
6.003389476349428666e-10
5.014925162298266240e-10
4.197190058201765512e-10
3.511701977864943557e-10
2.932254746673743230e-10
2.439159240240807483e-10
2.018087605484573041e-10
1.658441423620090739e-10
1.352113125487504799e-10
1.092609293335078808e-10
8.744584362975654034e-11
6.928096412667992509e-11
5.432001204470669522e-11
4.214432973260697936e-11
3.235946762244477839e-11
2.459667506914923374e-11
1.851673024994281038e-11
1.381408629937505903e-11
1.021994524275913110e-11
7.503588728528674551e-12
5.471687094384111307e-12
3.965908240653940119e-12
2.859302548888479285e-12
2.052021569303522237e-12
1.466872886119753061e-12
1.045078782676692009e-12
7.424726545310476865e-13
5.262446484181428375e-13
3.722589455280904278e-13
2.629189956666088613e-13
1.854589925025393378e-13
1.306866429708673302e-13
9.201852943995535213e-14
6.476659263943548429e-14
4.557688317772618987e-14
3.207745710213846399e-14
2.259427992628429396e-14
1.593637737605102079e-14
1.126635462183029190e-14
7.996586600083390349e-15
5.712290603545460661e-15
4.121044716952563609e-15
3.016664686972869278e-15
2.255773793530561258e-15
1.737035005633627310e-15
1.389100559110430280e-15
1.160665622115805790e-15
1.015777263354948330e-15
9.281282424326291856e-16
8.789062138656394245e-16
8.538876760209557955e-16
