# bin_1_1
1.045532014272236269e-08
1.053881395961958645e-08
1.064195731436038637e-08
1.076658860530939536e-08
1.090013862517336210e-08
1.104206233100690551e-08
1.118428411923687328e-08
1.131884910563530045e-08
1.144155160674148244e-08
1.154472959987825719e-08
1.162611363627309491e-08
1.166419376169106387e-08
1.164967127423212570e-08
1.155906188892380115e-08
1.140265457667557006e-08
1.116453398682617737e-08
1.086826903257692172e-08
1.051698630000196016e-08
1.013135889843719951e-08
9.716710771993087921e-09
9.260695783716918195e-09
8.730871863435064441e-09
8.066854581071876195e-09
7.272603382768128129e-09
6.445705586594008623e-09
5.746303659303437479e-09
5.153945533359257927e-09
4.455194803614491498e-09
3.718163428832425557e-09
3.116136977612672115e-09
2.623691678760149426e-09
2.194218821322667604e-09
1.778315854888970813e-09
1.506641116653238104e-09
1.227374860101982074e-09
1.006036407653001679e-09
8.319491547392340684e-10
6.691879851767886189e-10
5.566247919849710716e-10
4.544017957956983623e-10
3.721568328152387264e-10
3.095516177341162048e-10
2.552418961428223468e-10
2.124010898481804663e-10
1.779997669611050698e-10
1.492355842990988709e-10
1.251572118105168359e-10
1.047327120881006272e-10
8.738935602374428214e-11
7.264750901320847730e-11
6.008212407767493407e-11
4.938744293253278478e-11
4.030601326310304990e-11
3.262658076422830800e-11
2.618245699845470724e-11
2.082121457160506306e-11
1.640358175625311795e-11
1.280169507892084969e-11
9.898220620888100282e-12
7.584372309428185274e-12
5.761552339292234985e-12
4.341518532107802879e-12
3.247031784291609116e-12
2.411873694539904789e-12
1.780460578118992539e-12
1.307075499757832725e-12
9.548427301090846446e-13
6.944805895838838673e-13
5.031515896588966059e-13
3.632724585253833574e-13
2.614672282884702669e-13
1.876655924057420193e-13
1.343550132448665427e-13
9.597021816359199810e-14
6.841177069959275412e-14
4.867921192269489132e-14
3.458426897424893972e-14
2.453869096193985728e-14
1.739283541724666685e-14
1.231794317083539834e-14
8.720513299073532146e-15
6.173874361076041261e-15
4.390566348489591430e-15
3.138650508694669235e-15
2.254917271028969324e-15
1.629107028216289945e-15
1.197525561791543709e-15
9.031171234994602372e-16
6.936175669270754322e-16
5.585350572508054492e-16
4.620892123941224661e-16
4.019571933863476855e-16
3.629664313414671508e-16
3.389232114002052366e-16
3.249412517419118013e-16
3.171244596230342370e-16
3.132113628817369081e-16
3.109777114767787693e-16
3.098300209411906303e-16
3.092170877407539934e-16
