# bin_4_4
1.731803533797319491e-05
1.693358165580888429e-05
1.624112063838072345e-05
1.525765042774480063e-05
1.402539310015869031e-05
1.261239478591184259e-05
1.110341470482979608e-05
9.585773015168525495e-06
8.137351192953724569e-06
6.817872498480186743e-06
5.664646061893886631e-06
4.692729749656015374e-06
3.898317997905310902e-06
3.263889607312254345e-06
2.763812074519343935e-06
2.369408060094396888e-06
2.052974920549763504e-06
1.790891222979691016e-06
1.564934861487112954e-06
1.354183480351227391e-06
