# bin_2_1
8.108952814407114242e-07
8.246908644191368028e-07
8.300919915238655916e-07
8.255603622913903238e-07
8.096365966419439593e-07
7.814399852125316175e-07
7.409566113976302209e-07
6.891798678647486696e-07
6.281644285140100889e-07
5.608613490409137866e-07
4.907499802821045918e-07
4.213651250512085067e-07
3.558289316370113040e-07
2.965001049948784667e-07
2.448019722936721213e-07
2.012374659363552019e-07
1.655449721562286051e-07
1.369069672221098090e-07
1.142017143746879365e-07
9.626087576789205242e-08
