# bin_3_3
9.793775875193093852e-06
9.730113701663505325e-06
9.501706907637863856e-06
9.101446389261739367e-06
8.535485278056529303e-06
7.827634178306201057e-06
7.017657736983296575e-06
6.154702777513029152e-06
5.289551589987258167e-06
4.467222284199351880e-06
3.721713839907347405e-06
3.073701197683133663e-06
2.530858572369965622e-06
2.090060342931227637e-06
1.740528209491309229e-06
1.467094645036658585e-06
1.253125227930795872e-06
1.082789939645795561e-06
9.426742331996281023e-07
8.227277014095139413e-07
