# bin_4_1
1.524536754566557994e-06
1.523830003317663208e-06
1.503350866521822631e-06
1.462242011391024275e-06
1.400419736847474236e-06
1.319118062243758592e-06
1.220977347025908756e-06
1.109852379863333993e-06
9.905783324892016067e-07
8.685205325266544563e-07
7.489690552410822286e-07
6.365422542780110676e-07
5.347239683173982346e-07
4.456151274889312344e-07
3.699325914275718092e-07
3.072150885265244051e-07
2.561776851468102137e-07
2.150509110872143033e-07
1.817573470591119601e-07
1.540896682354540749e-07
