# bin_4_2
5.640253714828723103e-06
5.629468515598211391e-06
5.532769674990667388e-06
5.344647034205844867e-06
5.065071866318377044e-06
4.702305344264054656e-06
4.273082576961844993e-06
3.800535472223521198e-06
3.311155817470544462e-06
2.831017811336597766e-06
2.382262281526198798e-06
1.980758591109326947e-06
1.635255296878232852e-06
1.347843730207755856e-06
1.115309014363582139e-06
9.308596803446640748e-07
7.858502982777800957e-07
6.713181139573586604e-07
5.789154622105996557e-07
5.009954269698434906e-07
