# bin_1_1
3.126183172272663900e-07
3.186554449019233949e-07
3.222543184040172561e-07
3.229376559458891787e-07
3.201394263683448129e-07
3.133651247138547514e-07
3.022938245873793817e-07
2.868584396516499926e-07
2.673374034671702883e-07
2.443901555981599102e-07
2.190146259145472393e-07
1.924382910768102339e-07
1.659497968057951497e-07
1.407210063426055061e-07
1.176641419474209985e-07
9.736077307216256616e-08
8.005680837087888677e-08
6.569072028168400199e-08
5.403356956189344462e-08
4.477918593833128971e-08
