# bin_3_2
4.690319523871831952e-06
4.708980948661618350e-06
4.658466061076983412e-06
4.531531127072930899e-06
4.325180536950665966e-06
4.043572618214560338e-06
3.698712766998957822e-06
3.309092295824235380e-06
2.897233258766588239e-06
2.486333815749729374e-06
2.096937877541632528e-06
1.744535324452919536e-06
1.438474572981367030e-06
1.182113225253050551e-06
9.738378652391982147e-07
8.085165201702543293e-07
6.790194455442962779e-07
5.775914646376162695e-07
4.969238800693753582e-07
4.306914422459326185e-07
