# bin_3_1
1.233597760769211010e-06
1.247049407751242050e-06
1.245336550940497089e-06
1.226480225335204372e-06
1.189075000913624055e-06
1.132978773969649404e-06
1.059569416307032930e-06
9.716887460670638253e-07
8.734511337435208194e-07
7.698009592007549702e-07
6.658880978399124388e-07
5.664264062500159188e-07
4.751688476737308390e-07
3.945964407375025905e-07
3.258485078378578930e-07
2.688726910330459505e-07
2.227295396478260234e-07
1.859103834784318577e-07
1.566791001146861055e-07
1.332497752996011748e-07
