# bin_4_3
1.240180165786803171e-05
1.225238560086615732e-05
1.188740256417570627e-05
1.130505997420819249e-05
1.052161895982440704e-05
9.575108355214080746e-06
8.521215686259363376e-06
7.423769937352112099e-06
6.344968471469486543e-06
5.337007624202251583e-06
4.436821986881660870e-06
3.664456011071875842e-06
3.024398966127786419e-06
2.508880300300093959e-06
2.101956867379638765e-06
1.783497875011670814e-06
1.532618668258364220e-06
1.330228523518322764e-06
1.160909819253120460e-06
1.012457066364106588e-06
