# bin_2_2
2.686783476344257944e-06
2.717436667377725600e-06
2.713434715043512899e-06
2.669409024032646693e-06
2.581405352515029390e-06
2.448748623820931033e-06
2.274960824114655235e-06
2.067738822395139732e-06
1.838261665555327508e-06
1.599644261959696847e-06
1.364936062410425156e-06
1.145283742188827537e-06
9.487098064279166120e-07
7.796725736350073218e-07
6.392980685924436888e-07
5.260520154338241558e-07
4.366057797015628516e-07
3.667083569138800974e-07
3.119056911346420590e-07
2.680986831355892877e-07
