# bin_4_1
4.551156068094953208e-11
4.625199437648195910e-11
4.709428583973990340e-11
4.803935611970745810e-11
4.912344173428190628e-11
5.034152889828339791e-11
5.170550465235527685e-11
5.321813018739544572e-11
5.488721620657670573e-11
5.672383316942484716e-11
5.868537521431875384e-11
6.083056137035055676e-11
6.307964366932912649e-11
6.545415518403309936e-11
6.788476530188470220e-11
7.032133309539505300e-11
7.269368105594643370e-11
7.489901261325600859e-11
7.685042387386296737e-11
7.842028931072771310e-11
7.954055137196349425e-11
8.014749403902392894e-11
8.007977097610893006e-11
7.917840571352071828e-11
7.746704155505723843e-11
7.506192633374200350e-11
7.200251658492806696e-11
6.831179177325764005e-11
6.404670473521123247e-11
5.929648895153812509e-11
5.386549446448313672e-11
4.789295098810353324e-11
4.170837371293012427e-11
3.576447544127268039e-11
3.032837462593275740e-11
2.544584111089162281e-11
2.118362701680388795e-11
1.741349810689719773e-11
1.412104686360958858e-11
1.146684463264517025e-11
9.440804151103264151e-12
7.745739390644584171e-12
6.290008821857099295e-12
5.064796683551112551e-12
4.051862454371690598e-12
3.266265064663883836e-12
2.655335271553361714e-12
2.178086359422841655e-12
1.790355272240528057e-12
1.475975799467213630e-12
1.227114345128625225e-12
1.021511794487479965e-12
8.525243968881679440e-13
7.115060893762528563e-13
5.927449107038113939e-13
4.921248491178283355e-13
4.065629139871742115e-13
3.337467357066596097e-13
2.719056750759606429e-13
2.196389574103914093e-13
1.757764754195188234e-13
1.392962237281604460e-13
1.092685620018637356e-13
8.483170347991436685e-14
6.518325392878710346e-14
4.958080239388768099e-14
3.734646938105822980e-14
2.787209719859057057e-14
2.062312676370570575e-14
1.513993280446198519e-14
1.103619663384085760e-14
7.994435081053275142e-15
5.759273139980825583e-15
4.129332081367105424e-15
2.948629537217429271e-15
2.098247839115293797e-15
1.488771154642384621e-15
1.053761346328403251e-15
7.443581993553495330e-16
5.249359176667974911e-16
3.696938154859470952e-16
2.600771521898058382e-16
1.828110834038296009e-16
1.284293278902608012e-16
9.018631019155833281e-17
6.333261117246691325e-17
4.448137108095219578e-17
3.126709034365094081e-17
2.201195921969365105e-17
1.555169316266626079e-17
1.105866777489493821e-17
7.938492714530590263e-18
5.777632108934767443e-18
4.285375173103311606e-18
3.260125102971537191e-18
2.570189003964044521e-18
2.128482346745500127e-18
1.850395336792449522e-18
1.679543276670849556e-18
1.579468691445971155e-18
