# bin_3_1
3.692093833316956353e-11
3.762741581146291830e-11
3.844282165684686202e-11
3.937643758335168721e-11
4.044318719632234475e-11
4.165539925061594579e-11
4.303076582864599003e-11
4.458556517719171950e-11
4.632402040142523440e-11
4.827283134513381881e-11
5.041621193558246611e-11
5.278790569753045443e-11
5.536243547015635460e-11
5.813387938963250022e-11
6.108178351841660388e-11
6.416257620391135791e-11
6.733383406757847657e-11
7.051142318188295279e-11
7.362468301893138115e-11
7.655342111203765955e-11
7.914537188349269315e-11
8.125082174064056923e-11
8.272163860729385459e-11
8.343842913684898284e-11
8.328150029945815700e-11
8.216786648799461577e-11
8.008269612598997468e-11
7.706918975321621813e-11
7.313804453885675536e-11
6.834633770310049674e-11
6.273910578767598028e-11
5.644873788117709283e-11
4.982864626717818538e-11
4.329575797537665771e-11
3.713302616784710264e-11
3.147106051658377947e-11
2.637237704515351877e-11
2.179398605939048577e-11
1.773795377552489509e-11
1.436408920193857004e-11
1.171760000242589463e-11
9.582840289389586828e-12
7.835452051223074254e-12
6.368920728791327713e-12
5.121517105736309447e-12
4.071530608897010137e-12
3.263109925108234820e-12
2.679601396076058751e-12
2.199144548372197875e-12
1.797809675082506020e-12
1.490973832896831021e-12
1.238475385342947579e-12
1.032051176929798739e-12
8.618476445101764192e-13
7.190213657840383778e-13
5.985107905993744589e-13
4.962260079329358257e-13
4.091381052531474265e-13
3.350072465835783020e-13
2.721198808582293973e-13
2.190839842198010346e-13
1.747144472615616214e-13
1.379512688223245936e-13
1.078170227218473430e-13
8.340136151457769608e-14
6.385740019369626912e-14
4.840579628805732911e-14
3.634080769527985015e-14
2.703525453845290811e-14
1.994290197297871150e-14
1.459795254136409672e-14
1.061173471582366319e-14
7.666917071833866608e-15
5.509780398921960134e-15
3.941364516805132846e-15
2.808352232691904576e-15
1.994407244961421253e-15
1.412432930237418953e-15
9.979681253969546751e-16
7.037776922405371311e-16
4.955341514560066174e-16
3.484683656344382462e-16
2.448000833430202877e-16
1.718393210150936619e-16
1.205531813943453747e-16
8.454214339085899120e-17
5.927669841037921025e-17
4.156349886387598767e-17
2.915529007871192432e-17
2.047834987547882700e-17
1.442765521909488854e-17
1.021310494131843286e-17
7.284733434740675086e-18
5.259941628627255559e-18
3.868031326559722287e-18
2.927562382479256303e-18
2.312570282281387525e-18
1.919453784683950188e-18
1.674159931756479324e-18
1.525240141146948927e-18
