# bin_2_1
1.720199060300281312e-10
1.754139670382040999e-10
1.793090779164847661e-10
1.837729311678917321e-10
1.889026310110058596e-10
1.947528003975345370e-10
2.014031383914131668e-10
2.089127311760677573e-10
2.173888331456932633e-10
2.269042958660012237e-10
2.374139535996231855e-10
2.491577484175807947e-10
2.619543374677183950e-10
2.759259428304745950e-10
2.909619576756838871e-10
3.069008197427343472e-10
3.235294221717127776e-10
3.405259622758923878e-10
3.575426797027611091e-10
3.739867998580453962e-10
3.892860685645193731e-10
4.028753429365982756e-10
4.139019169065470748e-10
4.215036982202941662e-10
4.251217292330511430e-10
4.243563935366242207e-10
4.188107277360938476e-10
4.081169935774024643e-10
3.919672540257686627e-10
3.701753735951576328e-10
3.423417990127833415e-10
3.090794265151224859e-10
2.721410824201645772e-10
2.342015108856573016e-10
1.975918136281938563e-10
1.640872843994948463e-10
1.349993266905780782e-10
1.105245509351033061e-10
9.039186438631467262e-11
7.442640440303522346e-11
6.170123914120715132e-11
5.041967911935478978e-11
4.029557693959246533e-11
3.174305625333210010e-11
2.527163528195859071e-11
2.044410979909193350e-11
1.652973577516559787e-11
1.345491615432096896e-11
1.102312219581766380e-11
9.101639360318077294e-12
7.573243483776606157e-12
6.331346776431637426e-12
5.312817134980420312e-12
4.464646689056654626e-12
3.748577496167255742e-12
3.138184236227575171e-12
2.614395041723435382e-12
2.163643187025148326e-12
1.776130096880814681e-12
1.444481053651733127e-12
1.162747665609745055e-12
9.257632956572072439e-13
7.287387458055882151e-13
5.670634494320186148e-13
4.362377022534879330e-13
3.318932624836951691e-13
2.498641885758994961e-13
1.862772573717042891e-13
1.376367915483327831e-13
1.008838783683784955e-13
7.342095503472765396e-14
5.310276976570204648e-14
3.820139901108014272e-14
2.735541402447782869e-14
1.951250130040088452e-14
1.387257821332254312e-14
9.835823822114484714e-15
6.957860962877399779e-15
4.912752555014898762e-15
3.463417949052336815e-15
2.438580735376592871e-15
1.715240774964916890e-15
1.205487391897001496e-15
8.467095829628423271e-16
5.944365125687699241e-16
4.172210700002857727e-16
2.928035143078273139e-16
2.055157209120667704e-16
1.443113929985265831e-16
1.014602826344831946e-16
7.151303595774230453e-17
5.061029658163126988e-17
3.604037546640056524e-17
2.591944165467479411e-17
1.891634441135737859e-17
1.415130262054199452e-17
1.101862374355053634e-17
9.023614274098665138e-18
7.815773955740952774e-18
7.142377805298882435e-18
