# bin_3_2
1.287970333929634432e-11
1.316022162882302923e-11
1.348546968607353765e-11
1.386111008742280174e-11
1.429441623920923650e-11
1.479279743836323514e-11
1.536551417433063359e-11
1.602237334243240087e-11
1.677184556417916951e-11
1.762744779510296629e-11
1.859681652180790591e-11
1.969545236088935192e-11
2.093158801241536518e-11
2.231649250831659160e-11
2.385983458848440869e-11
2.556774221502583672e-11
2.744602136020331990e-11
2.949366804164540711e-11
3.170969470345889556e-11
3.408133712039036379e-11
3.658396813371417347e-11
3.918795735038706342e-11
4.185383683726199968e-11
4.453607296669526920e-11
4.716846236610144835e-11
4.967035756455942831e-11
5.195235686634974904e-11
5.390953179750302510e-11
5.540085855867405849e-11
5.629344537832497805e-11
5.644054487209055994e-11
5.568759442871148866e-11
5.393597252386166123e-11
5.114377656539439467e-11
4.733454311785359668e-11
4.261776165283024622e-11
3.721146167262546618e-11
3.146091615749589880e-11
2.583885784031866155e-11
2.086479136620058551e-11
1.687828983804210650e-11
1.388876560035115421e-11
1.167662812805712689e-11
9.870909064316087815e-12
8.096779688645498917e-12
6.286441823167379195e-12
4.791063619341395215e-12
3.826527208159086462e-12
3.108831252823317384e-12
2.444213988870911332e-12
1.956589911799346715e-12
1.581735913278883995e-12
1.284869177737232822e-12
1.053973059041919904e-12
8.707014183338095343e-13
7.237372298565194646e-13
6.040583541520001768e-13
5.050605791963359165e-13
4.220646224852269638e-13
3.517328084736913655e-13
2.916938125854554431e-13
2.402793672898133664e-13
1.962923523201999241e-13
1.588239331279827145e-13
1.271453128731012073e-13
1.006282968544137194e-13
7.869751969464182653e-14
6.080512836956091367e-14
4.642073618908679029e-14
3.503190827346217999e-14
2.615142985059721568e-14
1.932799527769943485e-14
1.415673841938890422e-14
1.028645882350113009e-14
7.422158060399369754e-15
5.323167488561249188e-15
3.798115712382169286e-15
2.698172095227318788e-15
1.909764661066620451e-15
1.347611269548568223e-15
9.485323911998880212e-16
6.662494368406450403e-16
4.671772640714594681e-16
3.271330558834912246e-16
2.288121848155450086e-16
1.598981135069571462e-16
1.116608324412485951e-16
7.793441626629330310e-17
5.437598395556857074e-17
3.793505866893035693e-17
2.647043893412205168e-17
1.847863529651055003e-17
1.290875267292253929e-17
9.027767861755008370e-18
6.324397900638710605e-18
4.445032676362094418e-18
3.143602595049152037e-18
2.245044214200965535e-18
1.627974435601166911e-18
1.209793411846687033e-18
