# bin_4_2
1.225214388214388775e-11
1.248089778015653629e-11
1.274273090900735617e-11
1.304225313623709542e-11
1.338730029104657997e-11
1.378075513275216419e-11
1.422847891964456348e-11
1.473453770864110615e-11
1.530769308108714815e-11
1.595392894421898198e-11
1.667373194880935408e-11
1.748308708083405630e-11
1.837760205038713581e-11
1.936752552092592123e-11
2.045312188402027964e-11
2.163300949641313750e-11
2.290381684840048255e-11
2.425519898826097234e-11
2.567666444562127168e-11
2.715321120283356884e-11
2.867585783722395928e-11
3.023499957937891005e-11
3.178846369710177497e-11
3.328234204206935428e-11
3.469052536394829405e-11
3.598423709778337053e-11
3.709907406394784202e-11
3.795936674722735055e-11
3.847887187827616663e-11
3.857324518310840472e-11
3.810237958670386009e-11
3.699283195223155994e-11
3.520899600395811985e-11
3.277712762643731108e-11
2.976995611284510181e-11
2.631155616285367830e-11
2.259392427133572314e-11
1.886371719766958051e-11
1.542073526605130051e-11
1.254817637733579112e-11
1.033412984749338185e-11
8.621194296052404523e-12
7.197745176791525121e-12
5.905868886600104154e-12
4.713012762493407100e-12
3.698951228937673355e-12
2.920945281188246091e-12
2.340891538879903479e-12
1.868339555046563725e-12
1.485513101803028331e-12
1.203655768065209688e-12
9.752859904412966208e-13
7.979172940930456433e-13
6.574391560825534725e-13
5.452065102233323445e-13
4.540832067450190309e-13
3.792275140381854838e-13
3.167047828769241500e-13
2.639951274165004190e-13
2.191813120476785735e-13
1.808990409957674711e-13
1.481809580737988312e-13
1.203040026530864337e-13
9.669810383029963117e-14
7.688576718407175555e-14
6.044048110775487912e-14
4.696300072677724166e-14
3.607022154705292683e-14
2.739324372466804369e-14
2.058143677954666925e-14
1.530932887227302936e-14
1.128350757964129691e-14
8.247551040040812794e-15
5.984008715856203809e-15
4.313531391183280560e-15
3.091841290686195717e-15
2.205410912112401783e-15
1.566621132457594582e-15
1.108975118687896943e-15
7.827276901247727708e-16
5.511174170633189869e-16
3.872628904880437656e-16
2.716783557114112410e-16
1.903390381062495190e-16
1.332088964402956842e-16
9.314986356345292910e-17
6.509651434379296994e-17
4.547442941899851342e-17
3.176333125801460038e-17
2.219178963706017938e-17
1.551516558362714723e-17
1.085986404289104779e-17
7.614734701484590174e-18
5.353098386786810926e-18
3.777353947188121028e-18
2.682870198133843852e-18
1.927821098333333778e-18
1.408567150685134107e-18
1.054002867525358880e-18
8.169525449767559703e-19
