# bin_2_2
5.847256173133587148e-11
5.975422447922350381e-11
6.123525939701280220e-11
6.294498740372937739e-11
6.492062245835423610e-11
6.719425687834849689e-11
6.980564813677102898e-11
7.279377169995832199e-11
7.621098584735819172e-11
8.010653093368694910e-11
8.451663852413224875e-11
8.951977086807723745e-11
9.513866454980911540e-11
1.014399325696211011e-10
1.084564136235578360e-10
1.162108795538685854e-10
1.247125922142403976e-10
1.339419912024663335e-10
1.438606906577294125e-10
1.543771129382916236e-10
1.653729466616812634e-10
1.767097704200661605e-10
1.881286314005672188e-10
1.992997618241981970e-10
2.098726288480975673e-10
2.194247341012136219e-10
2.274742659531833201e-10
2.334621649841125134e-10
2.367293934101310093e-10
2.365433367318153780e-10
2.321165885797842977e-10
2.229235908097735874e-10
2.088130497704193203e-10
1.901621684832581751e-10
1.679003328391038468e-10
1.435500022747668063e-10
1.190975337499057085e-10
9.666249042891620045e-11
7.802778513771325012e-11
6.406038002341052573e-11
5.399496105922620956e-11
4.570355246531333141e-11
3.756420606287136379e-11
2.959944475654454724e-11
2.299116364064980646e-11
1.815310765958787859e-11
1.451853224679938256e-11
1.164147819787622828e-11
9.305533563669870341e-12
7.509053450841181058e-12
6.126276995661753038e-12
5.037781338120565932e-12
4.178113281927640183e-12
3.488244800621467127e-12
2.927151226516573860e-12
2.462278326348756084e-12
2.071145251591666548e-12
1.737798033942372729e-12
1.451194902817291743e-12
1.203704660806003652e-12
9.900045340427326092e-13
8.062357483578483485e-13
6.493870034253668391e-13
5.168968808469509613e-13
4.063959726150487290e-13
3.155570454620726030e-13
2.420340971427927276e-13
1.834701402725560874e-13
1.375527216530097557e-13
1.020902206067795606e-13
7.508365151270828030e-14
5.477718292566704132e-14
3.968123124264007791e-14
2.857043742243880306e-14
2.046340993323109396e-14
1.459197728758686799e-14
1.036648351691813633e-14
7.341703358914280825e-15
5.186088760292244619e-15
3.655580381495495744e-15
2.572233095181186583e-15
1.807340007448422990e-15
1.268414706749785959e-15
8.893492822870851365e-16
6.230939932669287033e-16
4.362948764433318566e-16
3.053669672713042674e-16
2.136798496742660011e-16
1.495170462156416082e-16
1.046391128325106252e-16
7.326098229399680340e-17
5.132600103479254433e-17
3.599431745252938243e-17
2.528139177217931502e-17
1.779870229954630269e-17
1.259016897324460908e-17
8.990941717127603409e-18
6.522296791330411154e-18
4.857852175713456182e-18
3.786833831867041652e-18
