# bin_3_3
7.183707333526898411e-12
7.353221967847435859e-12
7.550279522909386368e-12
7.778905319843684175e-12
8.043934926334810663e-12
8.350678750460332273e-12
8.705411292873030123e-12
9.115114536481373237e-12
9.587107550387154585e-12
1.013062363405737121e-11
1.075426991056456612e-11
1.146926403929177241e-11
1.228605109600949207e-11
1.321662757050875320e-11
1.427343099433192365e-11
1.546888332143701980e-11
1.681611009498471022e-11
1.832699942426511004e-11
2.001368938782262282e-11
2.188530614014560468e-11
2.394713904885206712e-11
2.620090885393058155e-11
2.864296714478729463e-11
3.126276306437071956e-11
3.403793203093485015e-11
3.693432665342007224e-11
3.990349961702758070e-11
4.287747457607917835e-11
4.575061709212995276e-11
4.839471470292676349e-11
5.070231292333460102e-11
5.252215763626987447e-11
5.365186854120482568e-11
5.387793534234121011e-11
5.299025938553702859e-11
5.080532987953080738e-11
4.722086306974995024e-11
4.229544317312097117e-11
3.633525920206701202e-11
2.992910070371604566e-11
2.385775941054309017e-11
1.886376671681799692e-11
1.535753778766103682e-11
1.320047340106263198e-11
1.162286764699257686e-11
9.695804392465503474e-12
7.344343369112937521e-12
5.435297656904789926e-12
4.370124452008320318e-12
3.554190578734165666e-12
2.744983723120539436e-12
2.155408780741508394e-12
1.723870121658237052e-12
1.374989204685270667e-12
1.111837956534748512e-12
9.056615608285620123e-13
7.449752917335068694e-13
6.169695482618062495e-13
5.136570557281935997e-13
4.288496918162648947e-13
3.581470828843129247e-13
2.984356430179132482e-13
2.475470940580996143e-13
2.039877174375810916e-13
1.666902867130342885e-13
1.348712446584919729e-13
1.079187652549242865e-13
8.531705441036017632e-14
6.660007799768659287e-14
5.132366223738685667e-14
3.905189195714855345e-14
2.935528498042739922e-14
2.181796740027372397e-14
1.604986248081334832e-14
1.169877578837091656e-14
8.458815248519015933e-15
6.073632681620269377e-15
4.335058986366991095e-15
3.078548851894068553e-15
2.176978935187664409e-15
1.534006023587325816e-15
1.077777033074656252e-15
7.554124588614936889e-16
5.284227165759818002e-16
3.690440767414736393e-16
2.573979444441394448e-16
1.793369367156681971e-16
1.248424617176590041e-16
8.684729192329611382e-17
6.038466459099747972e-17
4.197430244404422521e-17
2.917674923624442052e-17
2.028374030973547531e-17
1.410425572671518743e-17
9.810416736267522184e-18
6.827500770676810936e-18
4.756178153473849880e-18
3.318197603743951468e-18
2.320179753341077511e-18
1.628062323641418672e-18
