# bin_4_3
4.679098624464365150e-12
4.776806562209677128e-12
4.890285527081723198e-12
5.021299346362837217e-12
5.172442793394702418e-12
5.346211627248550167e-12
5.545966292202810491e-12
5.775260526322428419e-12
6.037055939773334463e-12
6.336584609339161816e-12
6.676725235816331260e-12
7.063485581598109650e-12
7.500541220169171283e-12
7.993072139186512632e-12
8.545888169085926209e-12
9.163314272867459014e-12
9.850348277308627305e-12
1.061131866738149097e-11
1.145198620333914172e-11
1.237599933432804487e-11
1.338275843113617454e-11
1.447035121532118664e-11
1.563741403445129097e-11
1.688127758796751251e-11
1.819095626369147585e-11
1.954967648843829337e-11
2.093536509286355812e-11
2.231942894382706627e-11
2.365032253513187197e-11
2.487201380630550060e-11
2.591850532373711989e-11
2.671559048288561046e-11
2.718784467696416548e-11
2.723762067839961700e-11
2.677413520917868134e-11
2.571585565134262698e-11
2.401409584825247479e-11
2.168661053694780537e-11
1.885991501423754521e-11
1.578443225498664591e-11
1.278876071914523152e-11
1.019407890979187802e-11
8.222347524238099389e-12
6.881955129457681878e-12
5.928566588899411175e-12
5.029442395761203218e-12
4.014188371650129509e-12
3.029957782615813604e-12
2.308830233058808427e-12
1.862005175007193100e-12
1.505190213870980873e-12
1.151747714338954280e-12
9.199341893951100552e-13
7.357589600242150991e-13
5.899090412351122530e-13
4.789195867369124626e-13
3.921844303369238544e-13
3.229878054249760103e-13
2.676533578267102452e-13
2.225834897070479195e-13
1.852845280650638710e-13
1.540347372552593089e-13
1.275947980823988784e-13
1.050955616149353512e-13
8.592169126736373558e-14
6.961607240500566754e-14
5.582832975131372455e-14
4.426987825229241574e-14
3.468726305245623574e-14
2.684588089241404270e-14
2.052171062857174545e-14
1.549902003372020960e-14
1.157202153228358228e-14
8.548587476394631925e-15
6.254524373685268358e-15
4.537058156127654523e-15
3.266626744094101903e-15
2.336762945425332889e-15
1.662385923583368442e-15
1.177127193385880317e-15
8.302685637180973232e-16
5.837195249115736562e-16
4.092846824512104435e-16
2.863459983744799132e-16
1.999749804639263512e-16
1.394525173378041023e-16
9.713263148457979038e-17
6.759205050935696557e-17
4.700109006112885052e-17
3.266587363908232927e-17
2.269660602079005322e-17
1.577013950518801205e-17
1.096082313248930517e-17
7.622000506703584848e-18
5.304114753080905007e-18
3.695633447683511690e-18
2.580397743732195520e-18
1.807302355973059576e-18
1.271584523989069360e-18
9.008747325414698589e-19
