# bin_4_4
4.959897729798114255e-12
5.041815506474712468e-12
5.135640831943248430e-12
5.242987423652811352e-12
5.363572546247677503e-12
5.502461332628711488e-12
5.659371747036055706e-12
5.836253634020762401e-12
6.033474387888403552e-12
6.256265534605383437e-12
6.505331696663696530e-12
6.780930413857061791e-12
7.088604108450937025e-12
7.428996769117179237e-12
7.804524291210269767e-12
8.217491816088294343e-12
8.669898821559868693e-12
9.161452330609860996e-12
9.692442015225409664e-12
1.026598456674014443e-11
1.089069747786149743e-11
1.157963193152095265e-11
1.233132619627196559e-11
1.313048067935884398e-11
1.397620309362228918e-11
1.487887246550653596e-11
1.582527541988684199e-11
1.678813136838139739e-11
1.773395132898992703e-11
1.863942649531265653e-11
1.943907523775735261e-11
2.007311573153347269e-11
2.051616332875663913e-11
2.069554777427879840e-11
2.055342399440110702e-11
2.001992341272645173e-11
1.904939654179201645e-11
1.762000862170272941e-11
1.577403243957342128e-11
1.363230465081185984e-11
1.137115012645290977e-11
9.198516985457453722e-12
7.330953817005211498e-12
5.909760015769325207e-12
4.925824272319296004e-12
4.252883131804360391e-12
3.634051409118683421e-12
2.876359360536531426e-12
2.105730890153313750e-12
1.617231649834829752e-12
1.356518647888250899e-12
1.049645550829242638e-12
8.093689514594079351e-13
6.525827250640939666e-13
5.135709475579749641e-13
4.129542043919868244e-13
3.344480305809313246e-13
2.719238253823977144e-13
2.229781864714132159e-13
1.839102702987980293e-13
1.521628331711243206e-13
1.260269620813386006e-13
1.042688424468109308e-13
8.597934148392778448e-14
7.052707547810952937e-14
5.744828774533002996e-14
4.639888498292271565e-14
3.711188910927836405e-14
2.936765698371954324e-14
2.297542234180332744e-14
1.776223544205396632e-14
1.356747547584349756e-14
1.024081267604786165e-14
7.642029128974023493e-15
5.642171745149448531e-15
4.125278464208871250e-15
2.990044779528679961e-15
2.150688570024962032e-15
1.536730971754789380e-15
1.091832003725548929e-15
7.720222791050641772e-16
5.436970464952716257e-16
3.816207351697082307e-16
2.671234575252361125e-16
1.865562996131622782e-16
1.300507836134580578e-16
9.052640696779030126e-17
6.294132180872872160e-17
4.372323107322617724e-17
3.035477444744143555e-17
2.106679906430968663e-17
1.462070744450567501e-17
1.015168579069411096e-17
7.054859851597394556e-18
4.909037822652463401e-18
3.422794809314094262e-18
2.394304961670142542e-18
1.682627423610407209e-18
1.190281910633247801e-18
8.501637067626769657e-19
