# bin_1_1
8.611697837451941098e-10
8.775390706678893506e-10
8.963090019442984432e-10
9.176875061532462278e-10
9.422014514739901088e-10
9.700271335575675826e-10
1.001488088190767396e-09
1.036813709595890263e-09
1.076289942250513967e-09
1.120218718012880320e-09
1.167948269819324968e-09
1.220772136294643550e-09
1.277144263544831592e-09
1.337676560287619442e-09
1.400922103218114745e-09
1.465774803401037953e-09
1.530549067134498341e-09
1.592849188666348946e-09
1.650663116023040940e-09
1.700033950484062361e-09
1.737829644062629992e-09
1.760496338563564783e-09
1.763890673970311309e-09
1.744464004449341262e-09
1.700810147859244259e-09
1.633579938766936750e-09
1.544560561087650587e-09
1.436472244768659168e-09
1.313201989882388511e-09
1.178927486616919149e-09
1.035024926738630796e-09
8.864257560975917655e-10
7.428941156027417327e-10
6.156449977469176900e-10
5.081989035809075993e-10
4.184073956627518228e-10
3.457764500344766550e-10
2.855358190827652368e-10
2.330206062560767528e-10
1.876713941566805191e-10
1.511720172129449059e-10
1.214023258985052756e-10
9.768940003300312687e-11
7.878813932555035740e-11
6.408224854456773111e-11
5.270832979367355801e-11
4.349090424966850094e-11
3.618101242737014723e-11
3.029424953152067387e-11
2.546300239717095165e-11
2.145919104117952046e-11
1.808549751053494421e-11
1.521196827777360250e-11
1.274383630797115408e-11
1.061383889537075530e-11
8.774917221424838098e-12
7.192027965043341717e-12
5.837757497430912452e-12
4.689076816990857478e-12
3.725215333937251402e-12
2.926362474538716227e-12
2.273104317914867818e-12
1.746339681597051771e-12
1.327539962168712543e-12
9.991674401435365653e-13
7.451023355886281061e-13
5.509735316669530931e-13
4.043433465123306627e-13
2.947435436656759847e-13
2.135856253870236677e-13
1.539831050732429520e-13
1.105251561934184055e-13
7.903512992459907454e-14
5.633818964642002196e-14
4.005259652479528655e-14
2.841159461508345183e-14
2.011699863395870869e-14
1.422244255821790361e-14
1.004264905278973103e-14
7.084169551357845942e-15
4.993220114389060646e-15
3.517214843751721619e-15
2.476408482182275837e-15
1.743146493744703366e-15
1.226814906819197867e-15
8.635280964928305160e-16
6.079349881418725408e-16
4.282462426139977896e-16
3.019964011747244111e-16
2.137590915690999184e-16
1.524775017216611392e-16
1.100535167379277671e-16
8.088740219263630371e-17
6.112531190176961303e-17
4.800233423290946386e-17
3.961157029914118169e-17
3.471088630800487005e-17
3.208920085362967373e-17
3.084783406383291001e-17
3.031967155592101972e-17
