# k_h
1.000000000000000048e-04
1.045188822087662764e-04
1.092419673816994786e-04
1.141784832102173532e-04
1.193380743742429313e-04
1.247308213854248795e-04
1.303672602818588852e-04
1.362584032127916827e-04
1.424157599535235427e-04
1.488513603925424437e-04
1.555777780348276227e-04
1.626081545672373313e-04
1.699562255339792118e-04
1.776363471723248829e-04
1.856635244609971744e-04
1.940534404360335849e-04
2.028224868313963666e-04
2.119877961041974454e-04
2.215672749071057751e-04
2.315796390733309976e-04
2.420444501825408921e-04
2.529821537791458958e-04
2.644141193176252039e-04
2.763626819129354011e-04
2.888511859775680520e-04
3.019040308305187765e-04
3.155467183672673549e-04
3.298059028839112625e-04
3.447094431527929540e-04
3.602864568513618345e-04
3.765673774506123929e-04
3.935840136742458631e-04
4.113696116447191644e-04
4.299589198376028748e-04
4.493882569711479206e-04
4.696955829637020053e-04
4.909205730976097829e-04
5.131046955344905833e-04
5.362912923333424753e-04
5.605256641297567000e-04
5.858551586416852180e-04
6.123292631746831078e-04
6.399997013073535895e-04
6.689205339458881945e-04
6.991482649451532952e-04
7.307419515026579437e-04
7.637633195411022225e-04
7.982768843049277852e-04
8.343500764064760685e-04
8.720533735680361179e-04
9.114604383171482065e-04
9.526482619042040030e-04
9.956973147235142086e-04
1.040691703531717530e-03
1.087719335770718967e-03
1.136872091316172865e-03
1.188246001987087151e-03
1.241941439167258210e-03
1.298063309905081973e-03
1.356721261874905410e-03
1.418029897600319713e-03
1.482108998357965736e-03
1.549083758199288003e-03
1.619085028547441896e-03
1.692249573847270537e-03
1.768720338767778037e-03
1.848646727479183894e-03
1.932184895550180656e-03
2.019498055035665041e-03
2.110756793351052478e-03
2.206139406556118822e-03
2.305832247699562965e-03
2.410030090904854028e-03
2.518936511908664595e-03
2.632764285795423029e-03
2.751735802704984891e-03
2.876083502325669106e-03
3.006050328021522833e-03
3.141890201481047605e-03
3.283868518814745622e-03
3.432262669070741679e-03
3.587362576181502439e-03
3.749471265400503971e-03
3.918905455335490971e-03
4.095996176735017431e-03
4.281089419237243086e-03
4.474546807344525687e-03
4.676746306944532146e-03
4.888082963758182825e-03
5.108969675157185898e-03
5.339837996859128286e-03
5.581138986076131583e-03
5.833344082764438387e-03
6.096946030696600433e-03
6.372459840155830779e-03
6.660423794133408723e-03
6.961400499994932142e-03
7.275977988670161677e-03
7.604770863513928177e-03
7.948421501082700291e-03
8.307601306172879979e-03
8.683012023572751759e-03
9.075387109091007792e-03
9.485493162540390225e-03
9.914131425476169560e-03
1.036213934661570774e-02
1.083039221799749451e-02
1.131980488507619044e-02
1.183133353409494305e-02
1.236597756022695706e-02
1.292478152013606940e-02
1.350883717277140926e-02
1.411928561238296777e-02
1.475731949792583909e-02
1.542418538320840596e-02
1.612118615233732247e-02
1.684968356521738750e-02
1.761110091807939135e-02
1.840692582423435544e-02
1.923871312048648641e-02
2.010808790488371328e-02
2.101674871174058837e-02
2.196647083013652385e-02
2.295910977237339626e-02
2.399660489916830008e-02
2.508098320866472553e-02
2.621436329666473192e-02
2.739895949581904258e-02
2.863708620186268886e-02
2.993116239534772405e-02
3.128371636770799907e-02
3.269739066088925977e-02
3.417494723019495750e-02
3.571927284043550227e-02
3.733338470592262315e-02
3.902043638532879527e-02
4.078372394292837516e-02
4.262669238825767676e-02
4.455294240677618034e-02
4.656623739467787709e-02
4.867051081159778914e-02
5.086987386557875052e-02
5.316862354531218249e-02
5.557125101534721168e-02
5.808245039066858156e-02
6.070712790778794166e-02
6.345041151026595272e-02
6.631766086739228350e-02
6.931447784559882641e-02
7.244671745306276167e-02
7.572049927888438448e-02
7.914221944918689577e-02
8.271856312349887275e-02
8.645651755583376452e-02
9.036338574598314077e-02
9.444680070769721769e-02
9.871474038162628140e-02
1.031755432221612978e-01
1.078379244886255167e-01
1.127109932726447078e-01
1.178042702949659987e-01
1.231277065064921572e-01
1.286917025298758566e-01
1.345071289796568315e-01
1.405853477006407115e-01
1.469382339660171566e-01
1.535781996785828829e-01
1.605182176204017486e-01
1.677718467982788064e-01
1.753532589345646597e-01
1.832772661550505777e-01
1.915593499280443535e-01
2.002156913111708958e-01
2.092632025649897864e-01
2.187195601951934243e-01
2.286032394879458640e-01
2.389335506058297698e-01
2.497306763149301778e-01
2.610157114167572234e-01
2.728107039620535357e-01
2.851386983270047804e-01
2.980237802360112820e-01
3.114911238189890796e-01
3.255670407951314904e-01
3.402790318792291990e-01
3.556558405109818133e-01
3.717275090122703629e-01
3.885254372821158597e-01
4.060824441439888077e-01
4.244328314653343370e-01
4.436124511745842547e-01
4.636587753065840589e-01
4.846109692132968827e-01
5.065099680828063500e-01
5.293985569161274718e-01
5.533214541180757617e-01
5.783253988655038258e-01
6.044592424236135964e-01
6.317740435887376771e-01
6.603231684440717952e-01
6.901623946232526841e-01
7.213500202854774557e-01
7.539469780150898082e-01
7.880169538681446317e-01
8.236265117985533957e-01
8.608452237069005308e-01
8.997458053660049027e-01
9.404042584888101519e-01
9.829000192161414517e-01
1.027316113314459933e+00
1.073739318386814023e+00
1.122260333413924061e+00
1.172973955956607028e+00
1.225979267365792102e+00
1.281379826361948027e+00
1.339283871362135558e+00
1.399804531949995212e+00
1.463060049901787618e+00
1.529174010200366585e+00
1.598275582488388524e+00
1.670499773432508661e+00
1.745987690491631161e+00
1.824886817604506550e+00
1.907351303335357739e+00
1.993542262040446822e+00
2.083628088644029486e+00
2.177784787638621378e+00
2.276196316952441290e+00
2.379054947355798255e+00
2.486561638108628181e+00
2.598926429583126474e+00
2.716368853628482682e+00
2.839118362479568614e+00
2.967414777047474583e+00
3.101508755467767831e+00
3.241662282821929253e+00
3.388149182988656083e+00
3.541255653625190458e+00
3.701280825323788992e+00
3.868537346035815450e+00
4.043351991905306697e+00
4.226066305705312942e+00
4.417037264124496154e+00
4.616637975207594558e+00
4.825258407312388087e+00
5.043306151007426408e+00
5.271207215398916901e+00
5.509406860442782161e+00
5.758370466867879678e+00
6.018584445410011696e+00
6.290557187133218875e+00
6.574820056694850479e+00
6.871928430495231055e+00
7.182462781740031055e+00
7.507029814535325585e+00
7.846263649231142168e+00
8.200827061329144740e+00
8.571412776375236575e+00
8.958744823366776799e+00
9.363579949318648232e+00
9.786709097752014586e+00
1.022895895399404154e+01
1.069119356030808277e+01
1.117431600400961145e+01
1.167927018186609978e+01
1.220704264422819207e+01
1.275866452249473149e+01
1.333521354367792178e+01
1.393781613600417302e+01
1.456764962966459187e+01
1.522594455701491079e+01
1.591398705671847580e+01
1.663312138652989347e+01
1.738475254962829197e+01
1.817034903963144998e+01
1.899144570965408718e+01
1.984964677101515207e+01
2.074662892745350717e+01
2.168414465097496091e+01
2.266402560573096636e+01
2.368818622661857631e+01
2.475862745959266675e+01
2.587744067099891865e+01
2.704681173356473778e+01
2.826902529703124856e+01
2.954646925177042860e+01
3.088163939410728176e+01
3.227714430246295052e+01
3.373571043384476553e+01
3.526018745064061477e+01
3.685355378812525373e+01
3.851892247355495869e+01
4.025954720822090849e+01
4.207882872434297639e+01
4.398032142922453858e+01
4.596774034964798972e+01
4.804496839008010767e+01
5.021606391886682275e+01
5.248526869723908561e+01
5.485701616662179703e+01
5.733594011043530969e+01
5.992688370731465852e+01
6.263490899343256046e+01
6.546530675241359631e+01
6.842360685216267768e+01
7.151558904880124601e+01
7.474729427882192567e+01
7.812503646152178760e+01
8.165541483477348095e+01
8.534532684823636828e+01
8.920198163919474155e+01
9.323291411735527845e+01
9.744599968611878182e+01
1.018494696290890431e+02
1.064519271918807561e+02
1.112623643906434836e+02
1.162901795801449794e+02
1.215451958157345018e+02
1.270376800450615917e+02
1.327783631670473028e+02
1.387784609972940757e+02
1.450496961809004404e+02
1.516043210954887002e+02
1.584551417891933056e+02
1.656155430003805407e+02
1.730995143079763920e+02
1.809216774635003731e+02
1.890973149582000019e+02
1.976423998811004310e+02
2.065736271263061781e+02
2.159084460105200094e+02
2.256650943645131235e+02
2.358626341651467442e+02
2.465209887775625361e+02
2.576609818803065082e+02
2.693043781494282030e+02
2.814739257810513777e+02
2.941934009354872614e+02
3.074876541897248217e+02
3.213826590890570856e+02
3.359055628926924442e+02
3.510847396125064961e+02
3.669498454485494676e+02
3.835318767296185456e+02
4.008632304721006676e+02
4.189777676753901687e+02
4.379108794775594902e+02
4.576995563005228860e+02
4.783824601197883908e+02
4.999999999999999432e+02
