# d_a
0.000000000000000000e+00
4.401837423154822915e+01
8.700188712623238985e+01
1.289793497552329029e+02
1.699785114726144002e+02
2.100261107113234118e+02
2.491479228519532967e+02
2.873688053566511371e+02
3.247127403464122040e+02
3.612028747869686640e+02
3.968615584365786049e+02
4.317103796979992580e+02
4.657701995068551355e+02
4.990611833792992797e+02
5.316028317332836650e+02
5.634140085898502548e+02
5.945129687535669518e+02
6.249173835644548944e+02
6.546443653075594966e+02
6.837104903605145410e+02
7.121318211541289429e+02
7.399239270160709339e+02
7.671019039631337364e+02
7.936803935033204880e+02
8.196736005050235008e+02
8.450953101869183683e+02
8.699589042787598601e+02
8.942773764001193513e+02
9.180633467011316498e+02
9.413290758065774071e+02
9.640864781020567307e+02
9.863471343986426518e+02
1.008122304010144830e+03
1.029422936275061602e+03
1.050259681553337487e+03
1.070642901726248965e+03
1.090582680226026241e+03
1.110088831620250630e+03
1.129170910774573713e+03
1.147838221615929569e+03
1.166099825517087993e+03
1.183964549322221956e+03
1.201440993031969811e+03
1.218537537165456570e+03
1.235262349815691096e+03
1.251623393413851545e+03
1.267628431217074649e+03
1.283285033533522665e+03
1.298600583697763795e+03
1.313582283808722650e+03
1.328237160241817037e+03
1.342572068946216177e+03
1.356593700537582436e+03
1.370308585196055901e+03
1.383723097378735247e+03
1.396843460355386014e+03
1.409675750575638858e+03
1.422225901875494401e+03
1.434499709530532982e+03
1.446502834162821500e+03
1.458240805508160292e+03
1.469719026049926015e+03
1.480942774525477716e+03
1.491917209310743146e+03
1.502647371688338580e+03
1.513138189004276228e+03
1.523394477718065673e+03
1.533420946350765917e+03
1.543222198335311305e+03
1.552802734773209295e+03
1.562166957101517710e+03
1.571319169673792430e+03
1.580263582258534825e+03
1.589004312458468348e+03
1.597545388053831630e+03
1.605890749272710309e+03
1.614044250991281842e+03
1.622009664866713592e+03
1.629790681405311943e+03
1.637390911968419459e+03
1.644813890718409766e+03
1.652063076507045253e+03
1.659141854708339906e+03
1.666053538997975465e+03
1.672801373081237443e+03
1.679388532371325255e+03
1.685818125619816101e+03
1.692093196501007696e+03
1.698216725151730998e+03
1.704191629772051783e+03
1.710020767932302533e+03
1.715706937807464783e+03
1.721252879945556060e+03
1.726661278440677506e+03
1.731934762236155848e+03
1.737075906392745310e+03
1.742087233323029750e+03
1.746971213993134370e+03
1.751730269092790422e+03
1.756366770174771091e+03
1.760883040764660564e+03
1.765281357441902628e+03
1.769563950893007814e+03
1.773733006937788332e+03
1.777790667529448910e+03
1.781739031729323642e+03
1.785580156657028056e+03
1.789316058416759006e+03
1.792948713000457019e+03
1.796480057168507756e+03
1.799911989308646298e+03
1.803246370273688854e+03
1.806485024198717610e+03
1.809629739298293089e+03
1.812682268644273563e+03
1.815644330924784072e+03
1.818517611184865927e+03
1.821303761549322417e+03
1.824004401928249990e+03
1.826621120705733574e+03
1.829155475412167789e+03
1.831608993380652919e+03
1.833983172387891955e+03
1.836279481280012988e+03
1.838499360583711677e+03
1.840644223103115110e+03
1.842715454502738794e+03
1.844714413876906292e+03
1.846642434305984352e+03
1.848500823399780984e+03
1.850290863828436159e+03
1.852013813841134379e+03
1.853670907772944474e+03
1.855263356540099267e+03
1.856792348124001364e+03
1.858259048044251585e+03
1.859664599820966714e+03
1.861010125426664899e+03
1.862296725727976764e+03
1.863525480917437335e+03
1.864697450935602774e+03
1.865813675883738370e+03
1.866875176427302904e+03
1.867882954190462897e+03
1.868837992141851828e+03
1.869741254971790568e+03
1.870593689461179110e+03
1.871396224842254696e+03
1.872149773151423915e+03
1.872855229574349551e+03
1.873513472783485440e+03
1.874125365268238511e+03
1.874691753657932395e+03
1.875213469037748382e+03
1.875691327257804232e+03
1.876126129235542749e+03
1.876518661251579715e+03
1.876869695239168550e+03
1.877179989067433326e+03
1.877450286818515906e+03
1.877681319058777945e+03
1.877873803104195758e+03
1.878028443280088823e+03
1.878145931175305350e+03
1.878226945891001833e+03
1.878272154284133876e+03
1.878282211205787007e+03
1.878257759734459796e+03
1.878199431404421830e+03
1.878107846429253414e+03
1.877983613920683410e+03
1.877827332102823220e+03
1.877639588521913311e+03
1.877420960251675297e+03
1.877172014094372571e+03
1.876893306777678617e+03
1.876585385147440547e+03
1.876248786356441315e+03
1.875884038049239962e+03
1.875491658543185167e+03
1.875072157005684176e+03
1.874626033627811466e+03
1.874153779794342654e+03
1.873655878250284331e+03
1.873132803263989672e+03
1.872585020786925270e+03
1.872012988610167213e+03
1.871417156517705052e+03
1.870797966436610068e+03
1.870155852584150807e+03
1.869491241611916166e+03
1.868804552747012622e+03
1.868096197930399967e+03
1.867366581952427623e+03
1.866616102585637691e+03
1.865845150714884539e+03
1.865054110464839368e+03
1.864243359324929543e+03
1.863413268271773632e+03
1.862564201889162632e+03
1.861696518485641491e+03
1.860810570209743219e+03
1.859906703162928352e+03
1.858985257510273641e+03
1.858046567588963626e+03
1.857090962014630350e+03
1.856118763785586452e+03
1.855130290384997352e+03
1.854125853881038893e+03
1.853105761025078664e+03
1.852070313347926913e+03
1.851019807254196621e+03
1.849954534114813896e+03
1.848874780357715508e+03
1.847780827556774966e+03
1.846672952518993270e+03
1.845551427369988915e+03
1.844416519637827150e+03
1.843268492335218980e+03
1.842107604040129218e+03
1.840934108974820901e+03
1.839748257083373119e+03
1.838550294107702484e+03
1.837340461662122607e+03
1.836118997306465644e+03
1.834886134617800280e+03
1.833642103260776821e+03
1.832387129056623962e+03
1.831121434050825656e+03
1.829845236579509447e+03
1.828558751334566978e+03
1.827262189427537123e+03
1.825955758452276314e+03
1.824639662546439240e+03
1.823314102451796089e+03
1.821979275573411087e+03
1.820635376037699871e+03
1.819282594749399550e+03
1.817921119447459887e+03
1.816551134759890829e+03
1.815172822257576854e+03
1.813786360507085192e+03
1.812391925122489283e+03
1.810989688816219996e+03
1.809579821448973462e+03
1.808162490078688734e+03
1.806737859008614578e+03
1.805306089834485419e+03
1.803867341490825311e+03
1.802421770296391514e+03
1.800969529998784083e+03
1.799510771818229159e+03
1.798045644490558516e+03
1.796574294309398510e+03
1.795096865167584838e+03
1.793613498597819216e+03
1.792124333812581654e+03
1.790629507743315571e+03
1.789129155078894428e+03
1.787623408303392580e+03
1.786112397733167654e+03
1.784596251553267848e+03
1.783075095853182802e+03
1.781549054661945775e+03
1.780018249982600310e+03
1.778482801826048899e+03
1.776942828244288194e+03
1.775398445363048268e+03
1.773849767413845484e+03
1.772296906765460335e+03
1.770739973954852758e+03
1.769179077717523114e+03
1.767614325017332021e+03
1.766045821075790172e+03
1.764473669400824974e+03
1.762897971815035589e+03
1.761318828483449579e+03
1.759736337940785234e+03
1.758150597118233009e+03
1.756561701369761977e+03
1.754969744497965621e+03
1.753374818779450152e+03
1.751777014989776490e+03
1.750176422427964781e+03
1.748573128940570086e+03
1.746967220945335839e+03
1.745358783454432796e+03
1.743747900097295314e+03
1.742134653143056084e+03
1.740519123522593645e+03
1.738901390850194048e+03
1.737281533444839397e+03
1.735659628351125093e+03
1.734035751359816231e+03
1.732409977028050434e+03
1.730782378699188257e+03
1.729153028522325712e+03
1.727521997471469831e+03
1.725889355364383164e+03
1.724255170881107233e+03
1.722619511582168570e+03
1.720982443926471888e+03
1.719344033288889250e+03
1.717704343977548888e+03
1.716063439250828878e+03
1.714421381334062744e+03
1.712778231435961743e+03
1.711134049764756583e+03
1.709488895544068782e+03
1.707842827028511692e+03
1.706195901519027984e+03
1.704548175377970438e+03
1.702899704043926931e+03
1.701250542046296914e+03
1.699600743019622087e+03
1.697950359717680612e+03
1.696299444027338723e+03
1.694648046982177220e+03
1.692996218775887428e+03
1.691344008775443172e+03
1.689691465534054714e+03
1.688038636803907366e+03
1.686385569548687954e+03
1.684732309955904384e+03
1.683078903448998972e+03
1.681425394699264189e+03
1.679771827637561273e+03
1.678118245465842620e+03
1.676464690668488629e+03
1.674811205023455386e+03
1.673157829613238619e+03
1.671504604835660984e+03
1.669851570414479283e+03
1.668198765409819316e+03
1.666546228228441805e+03
1.664893996633838015e+03
1.663242107756163477e+03
1.661590598102007561e+03
1.659939503564006372e+03
1.658288859430298317e+03
1.656638700393826866e+03
1.654989060561492806e+03
1.653339973463158458e+03
1.651691472060505248e+03
1.650043588755751671e+03
1.648396355400225957e+03
1.646749803302806413e+03
1.645103963238221013e+03
1.643458865455217392e+03
1.641814539684600277e+03
1.640171015147140452e+03
1.638528320561357305e+03
1.636886484151178365e+03
1.635245533653474240e+03
1.633605496325476224e+03
1.631966398952073177e+03
1.630328267852995623e+03
1.628691128889882748e+03
1.627055007473239812e+03
1.625419928569283911e+03
1.623785916706682201e+03
1.622152995983184155e+03
1.620521190072147419e+03
1.618890522228964073e+03
1.617261015297381618e+03
1.615632691715729152e+03
1.614005573523041676e+03
1.612379682365091185e+03
1.610755039500322482e+03
1.609131665805695775e+03
1.607509581782438545e+03
1.605888807561707381e+03
1.604269362910161817e+03
1.602651267235451087e+03
1.601034539591616067e+03
1.599419198684406183e+03
1.597805262876515826e+03
1.596192750192737549e+03
1.594581678325036819e+03
1.592972064637547874e+03
1.591363926171492722e+03
1.589757279650023747e+03
1.588152141482991965e+03
1.586548527771641602e+03
1.584946454313233971e+03
1.583345936605598126e+03
1.581746989851613307e+03
1.580149628963621581e+03
1.578553868567775226e+03
1.576959723008312949e+03
1.575367206351777895e+03
1.573776332391162896e+03
1.572187114650000240e+03
1.570599566386384140e+03
1.569013700596934996e+03
1.567429530020700213e+03
1.565847067142999776e+03
1.564266324199210430e+03
1.562687313178494605e+03
1.561110045827470913e+03
1.559534533653830067e+03
