# d_l
0.000000000000000000e+00
4.490314355360234799e+01
9.051676336613218155e+01
1.368341921553266047e+02
1.838487580087797539e+02
2.315537870592340823e+02
2.799426061164547264e+02
3.290085452528299470e+02
3.787449403400552796e+02
4.291451355343975251e+02
4.802024857082602125e+02
5.319103588259049502e+02
5.842621382613991727e+02
6.372512250570271135e+02
6.908710401205756853e+02
7.451150263600768540e+02
7.999766507547996071e+02
8.554494063613822163e+02
9.115268142542456644e+02
9.682024253995245999e+02
1.025469822461945569e+03
1.083322621544229378e+03
1.141754473858728261e+03
1.200759067331173583e+03
1.260330128136524081e+03
1.320461422167059936e+03
1.381146756432959137e+03
1.442379980395752455e+03
1.504154987235134286e+03
1.566465715049725532e+03
1.629306147992476099e+03
1.692670317341510781e+03
1.756552302507276636e+03
1.820946231976956597e+03
1.885846284197173190e+03
1.951246688396089212e+03
2.017141725346057683e+03
2.083525728068048466e+03
2.150393082479097757e+03
2.217738227984137666e+03
2.285555658013492121e+03
2.353839920507509760e+03
2.422585618349663491e+03
2.491787409749641938e+03
2.561440008577817025e+03
2.631538184652622931e+03
2.702076763982316152e+03
2.773050628962589144e+03
2.844454718531581420e+03
2.916284028283745101e+03
2.988533610544088333e+03
3.061198574404267220e+03
3.134274085722030577e+03
3.207755367085447688e+03
3.281637697743408808e+03
3.355916413503814965e+03
3.430586906600874954e+03
3.505644625532906502e+03
3.581085074872022687e+03
3.656903815047028274e+03
3.733096462100890676e+03
3.809658687424012896e+03
3.886586217464664514e+03
3.963874833417713035e+03
4.041520370892956180e+03
4.119518719564141065e+03
4.197865822799902162e+03
4.276557677277650328e+03
4.355590332581583425e+03
4.434959890785762582e+03
4.514662506023387323e+03
4.594694384043136779e+03
4.675051781753649266e+03
4.755731006756949682e+03
4.836728416871780610e+03
4.918040419647675662e+03
4.999663471870594549e+03
5.081594079060927470e+03
5.163828794964590088e+03
5.246364221038013056e+03
5.329197005927647297e+03
5.412323844944731718e+03
5.495741479535905455e+03
5.579446696750320370e+03
5.663436328703836807e+03
5.747707252040861022e+03
5.832256387394314515e+03
5.917080698844374638e+03
6.002177193376277501e+03
6.087542920708747261e+03
6.173174972235611676e+03
6.259070479815412909e+03
6.345226616631297475e+03
6.431640596063681187e+03
6.518309671151995644e+03
6.605231134058415591e+03
6.692402315533750880e+03
6.779820584385955044e+03
6.867483346951376006e+03
6.955388046569110884e+03
7.043532163058642254e+03
7.131913212201029637e+03
7.220528745223828992e+03
7.309376348289933958e+03
7.398453641990554388e+03
7.487758280842481327e+03
7.577287952789763949e+03
7.667040378709973083e+03
7.757013311925177732e+03
7.847204537717758285e+03
7.937611872851131011e+03
8.028233165095492041e+03
8.119066292758717282e+03
8.210109164222425534e+03
8.301359717483315762e+03
8.392815919699816732e+03
8.484475766744111752e+03
8.576337282759603113e+03
8.668398519723812569e+03
8.760657557016767896e+03
8.853112500994893708e+03
8.945761484570446555e+03
9.038602666796485209e+03
9.131634232457376129e+03
9.224854391664834111e+03
9.318261379459519958e+03
9.411853455418186059e+03
9.505628903266311681e+03
9.599586030496231615e+03
9.693723167990790898e+03
9.788038669652425597e+03
9.882530912037676899e+03
9.977198293997098517e+03
1.007203923632054466e+04
1.016705218138778037e+04
1.026223559282437964e+04
1.035758795516285863e+04
1.045310777350903481e+04
1.054879357321355201e+04
1.064464389954849503e+04
1.074065731738907562e+04
1.083683241090034244e+04
1.093316778322885511e+04
1.102966205619926222e+04
1.112631387001572875e+04
1.122312188296817476e+04
1.132008477114327070e+04
1.141720122814010938e+04
1.151446996479051631e+04
1.161188970888392760e+04
1.170945920489678429e+04
1.180717721372642700e+04
1.190504251242933424e+04
1.200305389396372630e+04
1.210121016693645106e+04
1.219951015535411534e+04
1.229795269837835440e+04
1.239653665008518692e+04
1.249526087922846273e+04
1.259412426900728497e+04
1.269312571683733950e+04
1.279226413412609509e+04
1.289153844605184349e+04
1.299094759134646847e+04
1.309049052208192734e+04
1.319016620346033415e+04
1.328997361360766809e+04
1.338991174337098892e+04
1.348997959611911574e+04
1.359017618754672003e+04
1.369050054548178377e+04
1.379095170969634273e+04
1.389152873172052023e+04
1.399223067465970962e+04
1.409305661301491455e+04
1.419400563250619416e+04
1.429507682989914065e+04
1.439626931283433805e+04
1.449758219965974968e+04
1.459901461926600859e+04
1.470056571092456034e+04
1.480223462412856315e+04
1.490402051843653317e+04
1.500592256331870158e+04
1.510793993800603494e+04
1.521007183134180195e+04
1.531231744163572694e+04
1.541467597652068616e+04
1.551714665281181624e+04
1.561972869636808718e+04
1.572242134195621838e+04
1.582522383311697922e+04
1.592813542203376164e+04
1.603115536940339189e+04
1.613428294430921778e+04
1.623751742409628605e+04
1.634085809424873514e+04
1.644430424826926901e+04
1.654785518756065721e+04
1.665151022130930505e+04
1.675526866637077183e+04
1.685912984715729544e+04
1.696309309552717241e+04
1.706715775067607319e+04
1.717132315903016570e+04
1.727558867414109773e+04
1.737995365658271839e+04
1.748441747384956034e+04
1.758897950025708997e+04
1.769363911684355116e+04
1.779839571127357704e+04
1.790324867774331506e+04
1.800819741688724753e+04
1.811324133568649995e+04
1.821837984737877923e+04
1.832361237136970885e+04
1.842893833314576113e+04
1.853435716418856100e+04
1.863986830189067041e+04
1.874547118947275885e+04
1.885116527590216720e+04
1.895695001581278484e+04
1.906282486942630567e+04
1.916878930247476092e+04
1.927484278612435810e+04
1.938098479690051317e+04
1.948721481661423240e+04
1.959353233228957470e+04
1.969993683609240543e+04
1.980642782526027077e+04
1.991300480203343977e+04
2.001966727358704156e+04
2.012641475196436659e+04
2.023324675401121203e+04
2.034016280131125677e+04
2.044716242012260773e+04
2.055424514131521573e+04
2.066141050030945553e+04
2.076865803701556069e+04
2.087598729577414269e+04
2.098339782529758668e+04
2.109088917861244045e+04
2.119846091300268381e+04
2.130611258995394746e+04
2.141384377509857222e+04
2.152165403816159596e+04
2.162954295290752998e+04
2.173751009708805941e+04
2.184555505239049307e+04
2.195367740438707915e+04
2.206187674248510666e+04
2.217015265987776729e+04
2.227850475349581757e+04
2.238693262395998681e+04
2.249543587553410543e+04
2.260401411607901900e+04
2.271266695700713535e+04
2.282139401323778293e+04
2.293019490315314397e+04
2.303906924855495527e+04
2.314801667462185287e+04
2.325703680986733889e+04
2.336612928609845039e+04
2.347529373837499224e+04
2.358452980496946111e+04
2.369383712732753702e+04
2.380321535002918972e+04
2.391266412075035987e+04
2.402218309022526228e+04
2.413177191220918394e+04
2.424143024344193691e+04
2.435115774361175863e+04
2.446095407531984893e+04
2.457081890404536171e+04
2.468075189811098244e+04
2.479075272864893850e+04
2.490082106956762073e+04
2.501095659751858693e+04
2.512115899186416209e+04
2.523142793464539864e+04
2.534176311055062979e+04
2.545216420688437574e+04
2.556263091353681011e+04
2.567316292295357198e+04
2.578375993010606908e+04
2.589442163246224300e+04
2.600514772995766543e+04
2.611593792496718379e+04
2.622679192227682142e+04
2.633770942905624179e+04
2.644869015483144904e+04
2.655973381145804888e+04
2.667084011309472771e+04
2.678200877617723017e+04
2.689323951939264225e+04
2.700453206365408550e+04
2.711588613207570233e+04
2.722730144994808870e+04
2.733877774471397424e+04
2.745031474594432075e+04
2.756191218531469713e+04
2.767356979658205819e+04
2.778528731556175990e+04
2.789706448010497479e+04
2.800890103007632570e+04
2.812079670733197418e+04
2.823275125569782540e+04
2.834476442094822050e+04
2.845683595078478902e+04
2.856896559481564327e+04
2.868115310453485654e+04
2.879339823330220679e+04
2.890570073632323329e+04
2.901806037062947871e+04
2.913047689505912422e+04
2.924295007023775906e+04
2.935547965855951406e+04
2.946806542416838056e+04
2.958070713293981316e+04
2.969340455246255078e+04
2.980615745202072867e+04
2.991896560257613237e+04
3.003182877675086274e+04
3.014474674881000828e+04
3.025771929464472487e+04
3.037074619175546104e+04
3.048382721923540157e+04
3.059696215775415840e+04
3.071015078954164710e+04
3.082339289837217802e+04
3.093668826954879478e+04
3.105003668988773279e+04
3.116343794770317982e+04
3.127689183279216013e+04
3.139039813641963701e+04
3.150395665130379348e+04
3.161756717160155677e+04
3.173122949289422831e+04
3.184494341217332112e+04
3.195870872782665901e+04
3.207252523962449413e+04
3.218639274870597001e+04
3.230031105756564648e+04
3.241427997004020654e+04
3.252829929129537777e+04
3.264236882781297754e+04
3.275648838737810365e+04
3.287065777906658332e+04
3.298487681323240395e+04
3.309914530149551138e+04
3.321346305672958988e+04
3.332782989305006049e+04
3.344224562580222846e+04
3.355671007154958352e+04
3.367122304806218744e+04
3.378578437430530175e+04
3.390039387042805902e+04
3.401505135775231611e+04
3.412975665876166750e+04
3.424450959709053132e+04
3.435930999751339550e+04
3.447415768593421672e+04
3.458905248937594297e+04
3.470399423597007990e+04
3.481898275494651898e+04
3.493401787662335846e+04
3.504909943239696440e+04
3.516422725473203900e+04
3.527940117715185625e+04
3.539462103422865766e+04
3.550988666157406988e+04
3.562519789582967496e+04
3.574055457465775544e+04
3.585595653673203196e+04
3.597140362172859750e+04
3.608689567031691695e+04
3.620243252415094321e+04
3.631801402586033510e+04
3.643364001904177712e+04
3.654931034825036477e+04
3.666502485899120802e+04
3.678078339771092578e+04
3.689658581178946770e+04
3.701243194953184866e+04
3.712832166016008705e+04
3.724425479380517208e+04
3.736023120149915485e+04
3.747625073516731936e+04
3.759231324762041913e+04
3.770841859254708834e+04
3.782456662450619478e+04
3.794075719891939661e+04
3.805699017206376448e+04
3.817326540106442553e+04
3.828958274388735299e+04
3.840594205933220655e+04
3.852234320702522382e+04
3.863878604741228628e+04
3.875527044175194897e+04
3.887179625210860831e+04
3.898836334134575009e+04
