# d_m
0.000000000000000000e+00
4.445855797386371222e+01
8.874192486875703878e+01
1.328487302478899039e+02
1.767776519315189887e+02
2.205274162468896009e+02
2.640967982230704933e+02
3.074846217316167554e+02
3.506897595741252189e+02
3.937111335177958722e+02
4.365477142802365051e+02
4.791985214647792191e+02
5.216626234476777881e+02
5.639391372186081526e+02
6.060272281759434918e+02
6.479261098783277930e+02
6.896350437541376550e+02
7.311533387704122333e+02
7.724803510629201355e+02
8.136154835290122946e+02
8.545581853849546405e+02
8.953079516894457583e+02
9.358643228350231311e+02
9.762268840090841877e+02
1.016395264626229164e+03
1.056369137733647904e+03
1.096148219391237490e+03
1.135732268028151566e+03
1.175121083777448575e+03
1.214314507790484868e+03
1.253312421532673852e+03
1.292114746062221911e+03
1.330721441293391308e+03
1.369132505245831908e+03
1.407347973281472377e+03
1.445367917330436285e+03
1.483192445107395542e+03
1.520821699319743402e+03
1.558255856868911678e+03
1.595495128046142099e+03
1.632539755723923008e+03
1.669390014544333098e+03
1.706046210105396995e+03
1.742508678146602733e+03
1.778777783734595232e+03
1.814853920450084843e+03
1.850737509576928915e+03
1.886428999294278356e+03
1.921928863872690272e+03
1.957237602874996583e+03
1.992355740362725555e+03
2.027283824108786348e+03
2.062022424817125284e+03
2.096572135349965720e+03
2.130933569963252467e+03
2.165107363550848277e+03
2.199094170897996719e+03
2.232894665944526423e+03
2.266509541058242121e+03
2.299939506318885833e+03
2.333185288813056559e+03
2.366247631940380870e+03
2.399127294731274105e+03
2.431825051176511352e+03
2.464341689568875609e+03
2.496678011857055481e+03
2.528834833011989303e+03
2.560812980405778944e+03
2.592613293203323337e+03
2.624236621766723601e+03
2.655683827072580243e+03
2.686955780142185176e+03
2.718053361484679954e+03
2.748977460553150195e+03
2.779728975213667127e+03
2.810308811227243041e+03
2.840717881744656097e+03
2.870957106814083090e+03
2.901027412901455136e+03
2.930929732423470796e+03
2.960665003293137488e+03
2.990234168477752064e+03
3.019638175569178657e+03
3.048877976366295115e+03
3.077954526469476605e+03
3.106868784886951744e+03
3.135621713652857579e+03
3.164214277456884702e+03
3.192647443285254212e+03
3.220922180269178170e+03
3.249039459071374495e+03
3.277000251212257808e+03
3.304805529495467454e+03
3.332456267390507946e+03
3.359953438738142268e+03
3.387298017465853718e+03
3.414490977313138046e+03
3.441533291566474873e+03
3.468425932803725118e+03
3.495169872647794364e+03
3.521766081529321127e+03
3.548215528458224071e+03
3.574519180803875770e+03
3.600678004083710675e+03
3.626692961760075832e+03
3.652565015045113341e+03
3.678295122713477667e+03
3.703884240922691788e+03
3.729333323040950745e+03
3.754643319482181141e+03
3.779815177548157408e+03
3.804849841277483847e+03
3.829748251301281471e+03
3.854511344705364081e+03
3.879140054898745802e+03
3.903635311488286334e+03
3.927998040159310676e+03
3.952229162562029614e+03
3.976329596203584515e+03
4.000300254345556368e+03
4.024142045906769454e+03
4.047855875371242746e+03
4.071442642701119894e+03
4.094903243254429071e+03
4.118238567707514449e+03
4.141449501982008769e+03
4.164536927176189238e+03
4.187501719500577565e+03
4.210344750217645014e+03
4.233066885585498312e+03
4.255668986805402710e+03
4.278151909973020338e+03
4.300516506033231963e+03
4.322763620738431200e+03
4.344894094610162938e+03
4.366908762903991374e+03
4.388808455577482164e+03
4.410593997261195909e+03
4.432266207232584748e+03
4.453825899392675638e+03
4.475273882245447567e+03
4.496610958879809914e+03
4.517837926954072827e+03
4.538955578682824125e+03
4.559964700826118133e+03
4.580866074680887323e+03
4.601660476074500366e+03
4.622348675360368361e+03
4.642931437415531036e+03
4.663409521640131061e+03
4.683783681958713714e+03
4.704054666823278239e+03
4.724223219217989936e+03
4.744290076665503875e+03
4.764255971234822937e+03
4.784121629550633770e+03
4.803887772804044289e+03
4.823555116764663580e+03
4.843124371793977843e+03
4.862596242859955964e+03
4.881971429552822883e+03
4.901250626101951639e+03
4.920434521393833165e+03
4.939523798991052900e+03
4.958519137152245094e+03
4.977421208852955715e+03
4.996230681807393921e+03
5.014948218491007538e+03
5.033574476163849795e+03
5.052110106894691853e+03
5.070555757585845640e+03
5.088912069998650622e+03
5.107179680779603586e+03
5.125359221487073228e+03
5.143451318618581354e+03
5.161456593638616141e+03
5.179375663006935611e+03
5.197209138207342221e+03
5.214957625776887653e+03
5.232621727335486867e+03
5.250202039615915055e+03
5.267699154494150207e+03
5.285113659020046725e+03
5.302446135448304631e+03
5.319697161269730714e+03
5.336867309242737065e+03
5.353957147425078801e+03
5.370967239205813712e+03
5.387898143337436522e+03
5.404750413968195971e+03
5.421524600674557405e+03
5.438221248493807252e+03
5.454840897956767549e+03
5.471384085120612326e+03
5.487851341601774948e+03
5.504243194608910017e+03
5.520560166975924403e+03
5.536802777195040107e+03
5.552971539449885313e+03
5.569066963648596357e+03
5.585089555456924245e+03
5.601039816331327529e+03
5.616918243552043350e+03
5.632725330256129382e+03
5.648461565470449386e+03
5.664127434144622384e+03
5.679723417183894526e+03
5.695249991481941834e+03
5.710707629953600190e+03
5.726096801567492548e+03
5.741417971378573384e+03
5.756671600560551269e+03
5.771858146438219592e+03
5.786978062519649029e+03
5.802031798528273612e+03
5.817019800434828539e+03
5.831942510489165215e+03
5.846800367251911666e+03
5.861593805625996538e+03
5.876323256888012111e+03
5.890989148719427249e+03
5.905591905237627543e+03
5.920131947026802663e+03
5.934609691168656354e+03
5.949025551272949087e+03
5.963379937507850627e+03
5.977673256630132528e+03
5.991905912015160538e+03
6.006078303686708750e+03
6.020190828346586386e+03
6.034243879404071777e+03
6.048237847005148069e+03
6.062173118061557034e+03
6.076050076279642781e+03
6.089869102188999022e+03
6.103630573170927164e+03
6.117334863486671566e+03
6.130982344305476545e+03
6.144573383732414186e+03
6.158108346836030250e+03
6.171587595675760895e+03
6.185011489329161122e+03
6.198380383918913139e+03
6.211694632639634619e+03
6.224954585784468691e+03
6.238160590771476564e+03
6.251312992169806421e+03
6.264412131725664949e+03
6.277458348388072409e+03
6.290451978334406704e+03
6.303393354995744630e+03
6.316282809081984851e+03
6.329120668606766230e+03
6.341907258912176985e+03
6.354642902693250107e+03
6.367327920022258695e+03
6.379962628372791187e+03
6.392547342643636512e+03
6.405082375182441865e+03
6.417568035809179491e+03
6.430004631839403373e+03
6.442392468107296736e+03
6.454731846988522193e+03
6.467023068422862707e+03
6.479266429936665190e+03
6.491462226665078560e+03
6.503610751374095344e+03
6.515712294482386824e+03
6.527767144082951745e+03
6.539775585964548554e+03
6.551737903632955749e+03
6.563654378332010310e+03
6.575525289064475146e+03
6.587350912612697357e+03
6.599131523559085508e+03
6.610867394306383176e+03
6.622558795097770599e+03
6.634205994036760785e+03
6.645809257106920995e+03
6.657368848191397774e+03
6.668885029092270088e+03
6.680358059549705104e+03
6.691788197260945708e+03
6.703175697899105216e+03
6.714520815131789277e+03
6.725823800639543151e+03
6.737084904134110730e+03
6.748304373376533476e+03
6.759482454195057471e+03
6.770619390502889473e+03
6.781715424315756536e+03
6.792770795769321921e+03
6.803785743136410019e+03
6.814760502844078474e+03
6.825695309490518412e+03
6.836590395861793695e+03
6.847445992948410094e+03
6.858262329961735304e+03
6.869039634350245251e+03
6.879778131815618508e+03
6.890478046328674282e+03
6.901139600145152144e+03
6.911763013821334425e+03
6.922348506229522172e+03
6.932896294573348314e+03
6.943406594402955307e+03
6.953879619630005436e+03
6.964315582542560151e+03
6.974714693819801141e+03
6.985077162546612271e+03
6.995403196228014167e+03
7.005693000803457835e+03
7.015946780660979130e+03
7.026164738651205880e+03
7.036347076101236780e+03
7.046493992828374758e+03
7.056605687153729377e+03
7.066682355915679182e+03
7.076724194483209430e+03
7.086731396769106141e+03
7.096704155243030073e+03
7.106642660944449744e+03
7.116547103495464398e+03
7.126417671113475990e+03
7.136254550623755676e+03
7.146057927471872972e+03
7.155827985736010305e+03
7.165564908139147519e+03
7.175268876061131778e+03
7.184940069550623775e+03
7.194578667336927538e+03
7.204184846841700164e+03
7.213758784190550614e+03
7.223300654224517530e+03
7.232810630511437012e+03
7.242288885357194886e+03
7.251735589816871652e+03
7.261150913705772837e+03
7.270535025610347475e+03
7.279888092899010189e+03
7.289210281732838666e+03
7.298501757076183821e+03
7.307762682707159911e+03
7.316993221228038237e+03
7.326193534075536263e+03
7.335363781531005770e+03
7.344504122730516428e+03
7.353614715674849322e+03
7.362695717239374972e+03
7.371747283183855870e+03
7.380769568162131691e+03
7.389762725731720820e+03
7.398726908363325492e+03
7.407662267450238687e+03
7.416568953317661908e+03
7.425447115231933822e+03
7.434296901409660677e+03
7.443118459026764867e+03
7.451911934227438906e+03
7.460677472133012998e+03
7.469415216850738034e+03
7.478125311482477628e+03
7.486807898133321032e+03
7.495463117920103286e+03
7.504091110979851692e+03
7.512692016478141340e+03
7.521265972617374246e+03
7.529813116644975707e+03
7.538333584861508825e+03
7.546827512628712611e+03
7.555295034377460979e+03
7.563736283615641696e+03
7.572151392935964395e+03
7.580540494023684005e+03
7.588903717664260512e+03
7.597241193750929597e+03
7.605553051292215059e+03
7.613839418419357571e+03
7.622100422393676126e+03
7.630336189613854913e+03
7.638546845623166519e+03
7.646732515116615104e+03
7.654893321948021367e+03
7.663029389137029284e+03
7.671140838876051930e+03
7.679227792537149980e+03
7.687290370678839281e+03
7.695328693052837480e+03
7.703342878610742446e+03
7.711333045510651573e+03
7.719299311123711959e+03
7.727241792040609653e+03
7.735160604078000688e+03
7.743055862284873911e+03
7.750927680948858324e+03
7.758776173602465860e+03
7.766601453029278673e+03
7.774403631270077312e+03
7.782182819628904326e+03
7.789939128679079658e+03
7.797672668269150563e+03
