# d_v
0.000000000000000000e+00
4.442941783618407925e+01
8.862466873564964942e+01
1.325833703324049111e+02
1.763032308488766375e+02
2.197820497877170851e+02
2.630177184913970905e+02
3.060082205718011892e+02
3.487516322123335613e+02
3.912461223452695549e+02
4.334899527073493459e+02
4.754814777767964529e+02
5.172191445951639253e+02
5.587014924775822919e+02
5.999271526151410399e+02
6.408948475732788665e+02
6.816033906901964201e+02
7.220516853793817518e+02
7.622387243404668880e+02
8.021635886826676369e+02
8.418254469651437830e+02
8.812235541586401268e+02
9.203572505327939552e+02
9.592259604735128278e+02
9.978291912348071264e+02
1.036166531629456586e+03
1.074237650662846818e+03
1.112042296114278315e+03
1.149580293069989239e+03
1.186851542412070103e+03
1.223856019267369902e+03
1.260593771420422854e+03
1.297064917694314317e+03
1.333269646303322588e+03
1.369208213181053452e+03
1.404880940287691601e+03
1.440288213899855918e+03
1.475430482886445134e+03
1.510308256973720063e+03
1.544922105002763146e+03
1.579272653182289332e+03
1.613360583339715049e+03
1.647186631173180331e+03
1.680751584507166172e+03
1.714056281554150928e+03
1.747101609184666358e+03
1.779888501207959052e+03
1.812417936665329762e+03
1.844690938138118554e+03
1.876708570072148177e+03
1.908471937120341181e+03
1.939982182505081937e+03
1.971240486401800126e+03
2.002248064345109924e+03
2.033006165658749978e+03
2.063516071910455139e+03
2.093779095392766976e+03
2.123796577630720549e+03
2.153569887917218693e+03
2.183100421876823475e+03
2.212389600058605993e+03
2.241438866558597510e+03
2.270249687672321670e+03
2.298823550577779770e+03
2.327161962049221529e+03
2.355266447201928258e+03
2.383138548268188515e+03
2.410779823404579020e+03
2.438191845530602677e+03
2.465376201198662784e+03
2.492334489495340677e+03
2.519068320973833124e+03
2.545579316617432596e+03
2.571869106833815295e+03
2.597939330479916862e+03
2.623791633917120180e+03
2.649427670096434667e+03
2.674849097673333745e+03
2.700057580151871207e+03
2.725054785057688605e+03
2.749842383139484809e+03
2.774422047598508925e+03
2.798795453345619080e+03
2.822964276285414599e+03
2.846930192626969983e+03
2.870694878220648206e+03
2.894260007920471253e+03
2.917627254971549974e+03
2.940798290421995262e+03
2.963774800496255921e+03
2.986558414835541498e+03
3.009150812010063419e+03
3.031553648870210509e+03
3.053768577477483632e+03
3.075797244651963865e+03
3.097641291540441216e+03
3.119302353204646352e+03
3.140782058229057384e+03
3.162082028347719188e+03
3.183203878089552745e+03
3.204149214441607000e+03
3.224919636529739819e+03
3.245516735316197810e+03
3.265942093313577971e+03
3.286197284314675017e+03
3.306283873137705996e+03
3.326203415386422876e+03
3.345957457224628797e+03
3.365547535164627334e+03
3.384975175869135001e+03
3.404241895966206812e+03
3.423349201876710595e+03
3.442298589653938961e+03
3.461091544834908291e+03
3.479729542302930895e+03
3.498214046161064289e+03
3.516546509616009644e+03
3.534728374872107452e+03
3.552761073035017489e+03
3.570646024024727467e+03
3.588384636497527936e+03
3.605978307776601469e+03
3.623428423790885518e+03
3.640736359021873341e+03
3.657903476458031946e+03
3.674931127556521005e+03
3.691820652211915331e+03
3.708573378731625326e+03
3.725190623817731193e+03
3.741673692554957142e+03
3.758023878404509560e+03
3.774242463203526313e+03
3.790330717169867057e+03
3.806289898912024455e+03
3.822121255443891641e+03
3.837826022204183573e+03
3.853405423080260334e+03
3.868860670436173677e+03
3.884192965144691243e+03
3.899403496623132469e+03
3.914493442872797914e+03
3.929463970521817828e+03
3.944316234871242614e+03
3.959051379944185101e+03
3.973670538537870016e+03
3.988174832278411486e+03
4.002565371678171232e+03
4.016843256195546473e+03
4.031009574297040672e+03
4.045065403521485223e+03
4.059011810546270681e+03
4.072849851255462909e+03
4.086580570809685469e+03
4.100205003717639556e+03
4.113724173909150522e+03
4.127139094809650487e+03
4.140450769415949253e+03
4.153660190373247133e+03
4.166768340053241445e+03
4.179776190633276201e+03
4.192684704176415835e+03
4.205494832712373864e+03
4.218207518319211886e+03
4.230823693205727977e+03
4.243344279794462636e+03
4.255770190805247694e+03
4.268102329339237258e+03
4.280341588963345203e+03
4.292488853795031901e+03
4.304544998587383816e+03
4.316510888814427744e+03
4.328387380756614220e+03
4.340175321586437349e+03
4.351875549454131033e+03
4.363488893573393398e+03
4.375016174307095753e+03
4.386458203252941530e+03
4.397815783329027909e+03
4.409089708859264647e+03
4.420280765658631026e+03
4.431389731118225427e+03
4.442417374290070256e+03
4.453364455971659481e+03
4.464231728790196030e+03
4.475019937286506320e+03
4.485729817998612816e+03
4.496362099544909142e+03
4.506917502706954110e+03
4.517396740511836470e+03
4.527800518314092187e+03
4.538129533877166068e+03
4.548384477454394982e+03
4.558566031869485414e+03
4.568674872596481691e+03
4.578711667839217625e+03
4.588677078610203353e+03
4.598571758808981031e+03
4.608396355299901188e+03
4.618151507989323363e+03
4.627837849902234666e+03
4.637456007258264435e+03
4.647006599547104088e+03
4.656490239603298505e+03
4.665907533680433517e+03
4.675259081524688554e+03
4.684545476447757210e+03
4.693767305399136603e+03
4.702925149037762822e+03
4.712019581803016081e+03
4.721051171985067413e+03
4.730020481794576881e+03
4.738928067431731506e+03
4.747774479154640176e+03
4.756560261347055530e+03
4.765285952585451923e+03
4.773952085705430363e+03
4.782559187867472247e+03
4.791107780622035534e+03
4.799598379973985175e+03
4.808031496446367782e+03
4.816407635143536936e+03
4.824727295813605451e+03
4.832990972910262826e+03
4.841199155653932394e+03
4.849352328092270909e+03
4.857450969160036948e+03
4.865495552738300830e+03
4.873486547713017899e+03
4.881424418032967878e+03
4.889309622767043038e+03
4.897142616160926991e+03
4.904923847693124117e+03
4.912653762130369614e+03
4.920332799582434745e+03
4.927961395556283605e+03
4.935539981009650546e+03
4.943068982403981863e+03
4.950548821756789948e+03
4.957979916693399900e+03
4.965362680498106783e+03
4.972697522164729889e+03
4.979984846446598567e+03
4.987225053905942332e+03
4.994418540962708903e+03
5.001565699942815627e+03
5.008666919125828827e+03
5.015722582792079265e+03
5.022733071269231914e+03
5.029698760978290920e+03
5.036620024479067979e+03
5.043497230515105912e+03
5.050330744058067467e+03
5.057120926351588423e+03
5.063868134954615925e+03
5.070572723784210211e+03
5.077235043157850669e+03
5.083855439835213474e+03
5.090434257059459924e+03
5.096971834598013629e+03
5.103468508782846584e+03
5.109924612550286838e+03
5.116340475480318673e+03
5.122716423835436217e+03
5.129052780598990466e+03
5.135349865513094301e+03
5.141607995116046368e+03
5.147827482779312049e+03
5.154008638744039672e+03
5.160151770157131068e+03
5.166257181106879216e+03
5.172325172658152951e+03
5.178356042887162403e+03
5.184350086915788779e+03
5.190307596945491241e+03
5.196228862290807228e+03
5.202114169412419869e+03
5.207963801949837944e+03
5.213778040753660207e+03
5.219557163917444086e+03
5.225301446809179652e+03
5.231011162102377966e+03
5.236686579806774716e+03
5.242327967298650037e+03
5.247935589350773625e+03
5.253509708161986964e+03
5.259050583386410835e+03
5.264558472162293583e+03
5.270033629140504672e+03
5.275476306512672636e+03
5.280886754038981053e+03
5.286265219075602545e+03
5.291611946601821728e+03
5.296927179246793457e+03
5.302211157315992750e+03
5.307464118817318194e+03
5.312686299486889766e+03
5.317877932814511951e+03
5.323039250068835827e+03
5.328170480322196454e+03
5.333271850475155588e+03
5.338343585280730622e+03
5.343385907368333392e+03
5.348399037267401582e+03
5.353383193430756364e+03
5.358338592257645359e+03
5.363265448116533662e+03
5.368163973367581093e+03
5.373034378384867523e+03
5.377876871578331702e+03
5.382691659415441791e+03
5.387478946442602137e+03
5.392238935306291751e+03
5.396971826773949942e+03
5.401677819754598204e+03
5.406357111319209253e+03
5.411009896720835968e+03
5.415636369414477485e+03
5.420236721076717004e+03
5.424811141625104938e+03
5.429359819237321972e+03
5.433882940370087454e+03
5.438380689777852240e+03
5.442853250531259619e+03
5.447300804035375222e+03
5.451723530047696840e+03
5.456121606695955052e+03
5.460495210495680112e+03
5.464844516367563301e+03
5.469169697654615447e+03
5.473470926139100811e+03
5.477748372059276335e+03
5.482002204125924436e+03
5.486232589538687535e+03
5.490439694002201577e+03
5.494623681742039480e+03
5.498784715520452664e+03
5.502922956651934328e+03
5.507038565018588997e+03
5.511131699085311993e+03
5.515202515914797004e+03
5.519251171182356302e+03
5.523277819190559967e+03
5.527282612883710499e+03
5.531265703862130067e+03
5.535227242396288602e+03
5.539167377440756354e+03
5.543086256647988193e+03
5.546984026381951480e+03
5.550860831731581129e+03
5.554716816524082788e+03
5.558552123338071397e+03
5.562366893516559685e+03
5.566161267179782953e+03
5.569935383237887436e+03
5.573689379403449493e+03
5.577423392203860203e+03
5.581137556993558064e+03
5.584832007966117999e+03
5.588506878166200295e+03
5.592162299501350390e+03
5.595798402753672235e+03
5.599415317591357052e+03
5.603013172580071114e+03
5.606592095194225294e+03
5.610152211828096370e+03
5.613693647806831905e+03
5.617216527397314167e+03
5.620720973818904895e+03
5.624207109254067291e+03
5.627675054858852491e+03
5.631124930773277811e+03
5.634556856131574023e+03
5.637970949072321673e+03
5.641367326748463711e+03
5.644746105337202607e+03
5.648107400049788339e+03
5.651451325141190864e+03
5.654777993919656183e+03
5.658087518756157806e+03
5.661380011093740904e+03
5.664655581456751861e+03
5.667914339459969597e+03
5.671156393817625940e+03
5.674381852352329588e+03
5.677590822003880021e+03
5.680783408837986826e+03
5.683959718054888981e+03
5.687119853997872269e+03
5.690263920161694841e+03
5.693392019200909090e+03
5.696504252938104401e+03
5.699600722372035307e+03
5.702681527685676883e+03
5.705746768254178278e+03
5.708796542652731659e+03
5.711830948664343850e+03
5.714850083287535199e+03
5.717854042743938408e+03
5.720842922485820054e+03
5.723816817203514802e+03
5.726775820832769568e+03
