# f_ap
0.000000000000000000e+00
1.001968915342235644e-02
2.007948893277825692e-02
3.018049189581496414e-02
4.032378229025568306e-02
5.051043555096987325e-02
6.074151781720600607e-02
7.101808547006360772e-02
8.134118469034243293e-02
9.171185103685386419e-02
1.021311090452427517e-01
1.125999718473178340e-01
1.231194408108523264e-01
1.336905051997749616e-01
1.443141418546317056e-01
1.549913148931624518e-01
1.657229754308064129e-01
1.765100613209059366e-01
1.873534969143607898e-01
1.982541928384445595e-01
2.092130457944728905e-01
2.202309383739867454e-01
2.313087388930883670e-01
2.424473012445491071e-01
2.536474647672851690e-01
2.649100541327824021e-01
2.762358792480319458e-01
2.876257351745281077e-01
2.990804020628642923e-01
3.106006451024539983e-01
3.221872144858927700e-01
3.338408453874737725e-01
3.455622579553583873e-01
3.573521573169043397e-01
3.692112335966464265e-01
3.811401619464263590e-01
3.931396025871682909e-01
4.052102008617974316e-01
4.173525872987945973e-01
4.295673776859010862e-01
4.418551731534666738e-01
4.542165602669669955e-01
4.666521111281943246e-01
4.791623834846641672e-01
4.917479208467524510e-01
5.044092526121208842e-01
5.171468941969752375e-01
5.299613471737123493e-01
5.428530994145374100e-01
5.558226252406237577e-01
5.688703855764116746e-01
5.819968281086487227e-01
5.952023874497880396e-01
6.084874853053670041e-01
6.218525306450141121e-01
6.352979198767206848e-01
6.488240370240572208e-01
6.624312539059946658e-01
6.761199303190259524e-01
6.898904142212831658e-01
7.037430419183684505e-01
7.176781382506084439e-01
7.316960167814851035e-01
7.457969799869716976e-01
7.599813194455503629e-01
7.742493160286648690e-01
7.886012400914008680e-01
8.030373516631780229e-01
8.175579006382690528e-01
8.321631269659353070e-01
8.468532608400352046e-01
8.616285228879034808e-01
8.764891243583793345e-01
8.914352673088041801e-01
9.064671447908747570e-01
9.215849410352068283e-01
9.367888316345019950e-01
9.520789837251906196e-01
9.674555561674578197e-01
9.829186997235508372e-01
9.984685572342776316e-01
1.014105263793619205e+00
1.029828946921374611e+00
1.045639726733770036e+00
1.061537716111979668e+00
1.077523020868487391e+00
1.093595739911241038e+00
1.109755965405575306e+00
1.126003782933821640e+00
1.142339251339555606e+00
1.158762483748609462e+00
1.175273526998760865e+00
1.191872441889707979e+00
1.208559283400880924e+00
1.225334100836748430e+00
1.242196939447458126e+00
1.259147834687481371e+00
1.276186821132632598e+00
1.293313926791791468e+00
1.310529174688750631e+00
1.327832582992838795e+00
1.345224165671815797e+00
1.362703930528556207e+00
1.380271882443536269e+00
1.397928021425967504e+00
1.415672343247435183e+00
1.433504839558098709e+00
1.451425498000554537e+00
1.469434304005447833e+00
1.487531234193353313e+00
1.505716266499525169e+00
1.523989373628726218e+00
1.542350524813041357e+00
1.560799685912144019e+00
1.579336819511393486e+00
1.597961885017779915e+00
1.616674839520662266e+00
1.635475634828121416e+00
1.654364222121512684e+00
1.673340549011982370e+00
1.692404560380910361e+00
1.711556198463620504e+00
1.730795402931156968e+00
1.750122110970153688e+00
1.769536257360837972e+00
1.789037774553204230e+00
1.808626594733488746e+00
1.828302641957334274e+00
1.848065844086436149e+00
1.867916124975930403e+00
1.887853406505131559e+00
1.907877608643362644e+00
1.927988649514163155e+00
1.948186445457906979e+00
1.968470911092899067e+00
1.988841959374910040e+00
2.009299501655258613e+00
2.029843447737412543e+00
2.050473706671058771e+00
2.071190183860104561e+00
2.091992785519155795e+00
2.112881415798237406e+00
2.133855977561721851e+00
2.154916372436803673e+00
2.176062500860718174e+00
2.197294262126721520e+00
2.218611554428893129e+00
2.240014274905731462e+00
2.261502319682635154e+00
2.283075583913228623e+00
2.304733961819608545e+00
2.326477349175974041e+00
2.348305633598299913e+00
2.370218709160230031e+00
2.392216466739131242e+00
2.414298796466459507e+00
2.436465587761945883e+00
2.458716729366822840e+00
2.481052109376158832e+00
2.503471615270312256e+00
2.525975133945493223e+00
2.548562551743503324e+00
2.571233754480639622e+00
2.593988627475801501e+00
2.616827055577803929e+00
2.639748923191925556e+00
2.662754114305713848e+00
2.685842512514057923e+00
2.709014002207418947e+00
2.732268463952503890e+00
2.755605781461096804e+00
2.779025836994225784e+00
2.802528512535312988e+00
2.826113689811233787e+00
2.849781250312756420e+00
2.873531075314424310e+00
2.897363045893808664e+00
2.921277042950233049e+00
2.945272947222925985e+00
2.969350639308637962e+00
2.993509999678753530e+00
3.017750908695863821e+00
3.042073246629866556e+00
3.066476893673562909e+00
3.090961729957808490e+00
3.115527635566165188e+00
3.140174490549149766e+00
3.164902174938010404e+00
3.189710568758102660e+00
3.214599555238115247e+00
3.239569008067741507e+00
3.264618810496935808e+00
3.289748842653027250e+00
3.314958984718289869e+00
3.340249116940987584e+00
3.365619119646061197e+00
3.391068873245485449e+00
3.416598258248270348e+00
3.442207155270158747e+00
3.467895445042995295e+00
3.493663008423786742e+00
3.519509726403475369e+00
3.545435480115403326e+00
3.571440150843507411e+00
3.597523620030224745e+00
3.623685769284149316e+00
3.649926480387399419e+00
3.676245635302758163e+00
3.702643116180546201e+00
3.729118805365270628e+00
3.755672585402019426e+00
3.782304339042646735e+00
3.809013949251729869e+00
3.835801299212304727e+00
3.862666272331405803e+00
3.889608752245373058e+00
3.916628624084393273e+00
3.943725769450221019e+00
3.970900073946257880e+00
3.998151422175518555e+00
4.025479698994113065e+00
4.052884789515443842e+00
4.080366579114284242e+00
4.107924953430634574e+00
4.135559798373476426e+00
4.163270997728590217e+00
4.191058442660685834e+00
4.218922017592248608e+00
4.246861609542325056e+00
4.274877105815334311e+00
4.302968394003952923e+00
4.331135361991835353e+00
4.359377897956247416e+00
4.387695892446981105e+00
4.416089230098672935e+00
4.444557802044619699e+00
4.473101497660206149e+00
4.501720206625696719e+00
4.530413818928178848e+00
4.559182224863390864e+00
4.588025315037429053e+00
4.616942980368400562e+00
4.645935112087928864e+00
4.675001601742633461e+00
4.704142341195448829e+00
4.733357222626921157e+00
4.762646138536373641e+00
4.792008981743027363e+00
4.821445645387004930e+00
4.850956022930309253e+00
4.880540008157666421e+00
4.910197495177364146e+00
4.939928379188102348e+00
4.969732553420417531e+00
4.999609913718181531e+00
5.029560355490520607e+00
5.059583774473114026e+00
5.089680066728623054e+00
5.119849128647028458e+00
5.150090856945958251e+00
5.180405148670910620e+00
5.210791901195462650e+00
5.241251012221417760e+00
5.271782379778884753e+00
5.302385902226339986e+00
5.333061478250623821e+00
5.363809006866884665e+00
5.394628387418509696e+00
5.425519519576984528e+00
5.456482303341712914e+00
5.487516639039832000e+00
5.518622427325934332e+00
5.549799569181805836e+00
5.581047965916089204e+00
5.612367519163942831e+00
5.643758133456609372e+00
5.675219705957429639e+00
5.706752141832326153e+00
5.738355344018296833e+00
5.770029215776563802e+00
5.801773660692095547e+00
5.833588582672985190e+00
5.865473885949898047e+00
5.897429475075423255e+00
5.929455254923463592e+00
5.961551130688545364e+00
5.993717007885134507e+00
6.025952792346943809e+00
6.058258390226177958e+00
6.090633707992800794e+00
6.123078652433762592e+00
6.155593130652208700e+00
6.188177050066663298e+00
6.220830318410222937e+00
6.253552843729711874e+00
6.286344534384810778e+00
6.319205299047201407e+00
6.352135046699676657e+00
6.385133686635231065e+00
6.418201128456159310e+00
6.451337282073122736e+00
6.484542057704206997e+00
6.517815365873981470e+00
6.551157118638863963e+00
6.584567224687791764e+00
6.618045596678297393e+00
6.651592146351113399e+00
6.685206785748542657e+00
6.718889427213433407e+00
6.752639983388166733e+00
6.786458367213618281e+00
6.820344491928127084e+00
6.854298271066466164e+00
6.888319618458764282e+00
6.922408448229474764e+00
6.956564674796300807e+00
6.990788212869122553e+00
7.025078977448947271e+00
7.059436883826803566e+00
7.093861847582659585e+00
7.128353784584369635e+00
7.162912610986530204e+00
7.197538243229423038e+00
7.232230598037899583e+00
7.266989592420288524e+00
7.301815143667279351e+00
7.336707169350818347e+00
7.371665587323001922e+00
7.406690315714969941e+00
7.441781272935755531e+00
7.476938377671226377e+00
7.512161548882911433e+00
7.547450705806914684e+00
7.582805767952790710e+00
7.618226655102415812e+00
7.653713287308869795e+00
7.689265584895314198e+00
7.724883471823321024e+00
7.760566862231139673e+00
7.796315680597730058e+00
7.832129848315358522e+00
7.868009287040755417e+00
7.903953918694003988e+00
7.939963665457421271e+00
7.976038449774424777e+00
8.012178194348434701e+00
8.048382822141725512e+00
8.084652256374360135e+00
8.120986420523014004e+00
8.157385238319918130e+00
8.193848633751706245e+00
8.230376531058334777e+00
8.266968854731953087e+00
8.303625529515821668e+00
8.340346480403180607e+00
8.377131632636164227e+00
8.413980911704712184e+00
8.450894243345461021e+00
8.487871553540633940e+00
8.524912768516996309e+00
8.562017814744725897e+00
8.599186618936323967e+00
8.636419108045574333e+00
8.673715209266418924e+00
8.711074850031911510e+00
8.748497958013128795e+00
8.785984461118101052e+00
8.823534287490742756e+00
8.861147365509806306e+00
8.898823623787796677e+00
8.936562991169937575e+00
8.974365396733086087e+00
9.012230769784714823e+00
9.050159039861842558e+00
9.088150136730016371e+00
9.126203990382238729e+00
9.164320531037958517e+00
9.202499689142015882e+00
9.240741395363643917e+00
9.279045581914621366e+00
9.317412177277381247e+00
9.355841114101421496e+00
9.394332323943269003e+00
9.432885738578731250e+00
9.471501290001899775e+00
9.510178910424169629e+00
9.548918532273198423e+00
9.587720088191977297e+00
9.626583511037754448e+00
9.665508733881141623e+00
9.704495690005060737e+00
9.743544312903829052e+00
9.782654536282118229e+00
9.821826294054062600e+00
9.861059520342227103e+00
9.900354149476690679e+00
9.939710115994069284e+00
9.979127354636583291e+00
1.001860580035108228e+01
1.005814538828812310e+01
1.009774605380103196e+01
