# h
2.244886360646786930e-04
2.253714382574605491e-04
2.262683501904469896e-04
2.271793779247982417e-04
2.281045248065435155e-04
2.290437915185173506e-04
2.299971761335040902e-04
2.309646741684878062e-04
2.319462786399081216e-04
2.329419801198191178e-04
2.339517667928525581e-04
2.349756245138870619e-04
2.360135368663250285e-04
2.370654852208820636e-04
2.381314487947957202e-04
2.392114047113609923e-04
2.403053280597040062e-04
2.414131919547062813e-04
2.425349675969951547e-04
2.436706243329194864e-04
2.448201297144304714e-04
2.459834495587926643e-04
2.471605480080515472e-04
2.483513875881880606e-04
2.495559292678935291e-04
2.507741325169011472e-04
2.520059553638136912e-04
2.532513544533708614e-04
2.545102851031017183e-04
2.557827013593124495e-04
2.570685560523613272e-04
2.583678008511774353e-04
2.596803863169816397e-04
2.610062619561726699e-04
2.623453762723425308e-04
2.636976768173906181e-04
2.650631102417068830e-04
2.664416223433990565e-04
2.678331581165392661e-04
2.692376617984119404e-04
2.706550769157431598e-04
2.720853463298972502e-04
2.735284122810280978e-04
2.749842164311739625e-04
2.764526999062883101e-04
2.779338033372004825e-04
2.794274668995028448e-04
2.809336303523607783e-04
2.824522330762480656e-04
2.839832141096069649e-04
2.855265121844377421e-04
2.870820657608219996e-04
2.886498130603866842e-04
2.902296920987158780e-04
2.918216407167204527e-04
2.934255966109743183e-04
2.950414973630310325e-04
2.966692804677302053e-04
2.983088833605102323e-04
2.999602434437380360e-04
3.016232981120751683e-04
3.032979847768912246e-04
3.049842408897448435e-04
3.066820039649463883e-04
3.083912116012223659e-04
3.101118015024963300e-04
3.118437114978075725e-04
3.135868795603831611e-04
3.153412438258856583e-04
3.171067426098511579e-04
3.188833144243408959e-04
3.206708979938229691e-04
3.224694322703051410e-04
3.242788564477368414e-04
3.260991099757007969e-04
3.279301325724125605e-04
3.297718642370488663e-04
3.316242452614218301e-04
3.334872162410192184e-04
3.353607180854301355e-04
3.372446920281733712e-04
3.391390796359484094e-04
3.410438228173254716e-04
3.429588638308943803e-04
3.448841452928896444e-04
3.468196101843078129e-04
3.487652018575352567e-04
3.507208640425049195e-04
3.526865408523942335e-04
3.546621703926119127e-04
3.566477102853302019e-04
3.586430994923240083e-04
3.606482837081830114e-04
3.626632090329522909e-04
3.646878219754218502e-04
3.667220694560697917e-04
3.687658988096661366e-04
3.708192577875572393e-04
3.728820945596385467e-04
3.749543577160328899e-04
3.770359962684827616e-04
3.791269596514724115e-04
3.812271977230885403e-04
3.833366607656323315e-04
3.854552994859942604e-04
3.875830650158014370e-04
3.897199089113483257e-04
3.918657831533209780e-04
3.940206401463247003e-04
3.961844327182243168e-04
3.983571141193064063e-04
4.005386380212711569e-04
4.027289585160654392e-04
4.049280301145614892e-04
4.071358077450926930e-04
4.093522467518507027e-04
4.115773028931546157e-04
4.138109323395977482e-04
4.160530916720782900e-04
4.183037378797219738e-04
4.205628283577022316e-04
4.228303209049641301e-04
4.251061737218585321e-04
4.273903454076915837e-04
4.296827949581943484e-04
4.319834817629207764e-04
4.342923656025747666e-04
4.366094066462751586e-04
4.389345654487605505e-04
4.412678029475396364e-04
4.436090804599922125e-04
4.459583596804222614e-04
4.483156026770702160e-04
4.506807718890853791e-04
4.530538301234652752e-04
4.554347405519612287e-04
4.578234667079578136e-04
4.602199724833256310e-04
4.626242221252536502e-04
4.650361802330614373e-04
4.674558117549949040e-04
4.698830819850090463e-04
4.723179565595388108e-04
4.747604014542615046e-04
4.772103829808524282e-04
4.796678677837349801e-04
4.821328228368306520e-04
4.846052154403062058e-04
4.870850132173244816e-04
4.895721841107952615e-04
4.920666963801336672e-04
4.945685185980246840e-04
4.970776196471931056e-04
4.995939687171852429e-04
5.021175353011605525e-04
5.046482891926938911e-04
5.071862004825933821e-04
5.097312395557286905e-04
5.122833770878774040e-04
5.148425840425876771e-04
5.174088316680555124e-04
5.199820914940215567e-04
5.225623353286869797e-04
5.251495352556483261e-04
5.277436636308527503e-04
5.303446930795730927e-04
5.329525964934065914e-04
5.355673470272931088e-04
5.381889180965582957e-04
5.408172833739782227e-04
5.434524167868676463e-04
5.460942925141926705e-04
5.487428849837081273e-04
5.513981688691184857e-04
5.540601190872628283e-04
5.567287107953289944e-04
5.594039193880877801e-04
5.620857204951570625e-04
5.647740899782890175e-04
5.674690039286850929e-04
5.701704386643360271e-04
5.728783707273883219e-04
5.755927768815379290e-04
5.783136341094478969e-04
5.810409196101963764e-04
5.837746107967469594e-04
5.865146852934484010e-04
5.892611209335591686e-04
5.920138957567997471e-04
5.947729880069308568e-04
5.975383761293574748e-04
6.003100387687595281e-04
6.030879547667502335e-04
6.058721031595581822e-04
6.086624631757376128e-04
6.114590142339028627e-04
6.142617359404907917e-04
6.170706080875465157e-04
6.198856106505377635e-04
6.227067237861909181e-04
6.255339278303557885e-04
6.283672032958936924e-04
6.312065308705906925e-04
6.340518914150970698e-04
6.369032659608885906e-04
6.397606357082554190e-04
6.426239820243130401e-04
6.454932864410382280e-04
6.483685306533291904e-04
6.512496965170881582e-04
6.541367660473290180e-04
6.570297214163067388e-04
6.599285449516714089e-04
6.628332191346434157e-04
6.657437265982131275e-04
6.686600501253609592e-04
6.715821726473022654e-04
6.745100772417505575e-04
6.774437471312071742e-04
6.803831656812676498e-04
6.833283163989535601e-04
6.862791829310621507e-04
6.892357490625395993e-04
6.921979987148726022e-04
6.951659159445029452e-04
6.981394849412584465e-04
7.011186900268092694e-04
7.041035156531384384e-04
7.070939464010353405e-04
7.100899669786080908e-04
7.130915622198143308e-04
7.160987170830093729e-04
7.191114166495184146e-04
7.221296461222197031e-04
7.251533908241514443e-04
7.281826361971352989e-04
7.312173678004157094e-04
7.342575713093205851e-04
7.373032325139341299e-04
7.403543373177933059e-04
7.434108717365940557e-04
7.464728218969209420e-04
7.495401740349873047e-04
7.526129144953977532e-04
7.556910297299201983e-04
7.587745062962797859e-04
7.618633308569643233e-04
7.649574901780473776e-04
7.680569711280252516e-04
7.711617606766705494e-04
7.742718458938992925e-04
7.773872139486531080e-04
7.805078521077970285e-04
7.836337477350295436e-04
7.867648882898077220e-04
7.899012613262872953e-04
7.930428544922747767e-04
7.961896555281949752e-04
7.993416522660692436e-04
8.024988326285098809e-04
8.056611846277257020e-04
8.088286963645412685e-04
8.120013560274280456e-04
8.151791518915490033e-04
8.183620723178147097e-04
8.215501057519523269e-04
8.247432407235859905e-04
8.279414658453297660e-04
8.311447698118920981e-04
8.343531413991896921e-04
8.375665694634776585e-04
8.407850429404845364e-04
8.440085508445645561e-04
8.472370822678559725e-04
8.504706263794542531e-04
8.537091724245905776e-04
8.569527097238277937e-04
8.602012276722588663e-04
8.634547157387240839e-04
8.667131634650292399e-04
8.699765604651823548e-04
8.732448964246325657e-04
8.765181610995244127e-04
8.797963443159589544e-04
8.830794359692642091e-04
8.863674260232763278e-04
8.896603045096265153e-04
8.929580615270430203e-04
8.962606872406547525e-04
8.995681718813088859e-04
9.028805057448958341e-04
9.061976791916808403e-04
9.095196826456462998e-04
9.128465065938410217e-04
9.161781415857389241e-04
9.195145782326036906e-04
9.228558072068626444e-04
9.262018192414902705e-04
9.295526051293950993e-04
9.329081557228175413e-04
9.362684619327355266e-04
9.396335147282740491e-04
9.430033051361271781e-04
9.463778242399811542e-04
9.497570631799504958e-04
9.531410131520171415e-04
9.565296654074779406e-04
9.599230112523995159e-04
9.633210420470778978e-04
9.667237492055069398e-04
9.701311241948522637e-04
9.735431585349311676e-04
9.769598437977002319e-04
9.803811716067470459e-04
9.838071336367910404e-04
9.872377216131877908e-04
9.906729273114400422e-04
9.941127425567171903e-04
9.975571592233754142e-04
1.001006169234488217e-03
1.004459764561381517e-03
1.007917937223171568e-03
1.011380679286312837e-03
1.014847982864148070e-03
1.018319840116466363e-03
1.021796243249061681e-03
1.025277184513304161e-03
1.028762656205709034e-03
1.032252650667515740e-03
1.035747160284269204e-03
1.039246177485408061e-03
1.042749694743856344e-03
1.046257704575620593e-03
1.049770199539391737e-03
1.053287172236151530e-03
1.056808615308783969e-03
1.060334521441690407e-03
1.063864883360410513e-03
1.067399693831244320e-03
1.070938945660886198e-03
1.074482631696052756e-03
1.078030744823124838e-03
1.081583277967785835e-03
1.085140224094671051e-03
1.088701576207014255e-03
1.092267327346304858e-03
1.095837470591943348e-03
1.099411999060906061e-03
1.102990905907407990e-03
1.106574184322575791e-03
1.110161827534118838e-03
1.113753828806007427e-03
1.117350181438154025e-03
1.120950878766097765e-03
1.124555914160690461e-03
1.128165281027792384e-03
1.131778972807963475e-03
1.135396982976164763e-03
1.139019305041458685e-03
1.142645932546715488e-03
1.146276859068321580e-03
1.149912078215890258e-03
1.153551583631980040e-03
1.157195368991808648e-03
1.160843428002978706e-03
1.164495754405199535e-03
1.168152341970015665e-03
1.171813184500537959e-03
1.175478275831177326e-03
1.179147609827379747e-03
1.182821180385368450e-03
1.186498981431882401e-03
1.190181006923926284e-03
1.193867250848513334e-03
1.197557707222421386e-03
1.201252370091941994e-03
1.204951233532638869e-03
1.208654291649105018e-03
1.212361538574727041e-03
1.216072968471444650e-03
1.219788575529522122e-03
1.223508353967313464e-03
1.227232298031036457e-03
1.230960401994544550e-03
1.234692660159105240e-03
1.238429066853177817e-03
1.242169616432194134e-03
1.245914303278344154e-03
1.249663121800358243e-03
1.253416066433298785e-03
1.257173131638348110e-03
1.260934311902602500e-03
1.264699601738865755e-03
1.268468995685446661e-03
1.272242488305958420e-03
1.276020074189119146e-03
1.279801747948553902e-03
1.283587504222604304e-03
1.287377337674128815e-03
1.291171242990318650e-03
1.294969214882505434e-03
