# mu
-inf
3.326138372953709421e+01
3.478364508183990012e+01
3.568097316268563901e+01
3.632230350168104138e+01
3.682325944134354501e+01
3.723534500667725666e+01
3.758603588956682984e+01
3.789173419900960482e+01
3.816302097027067930e+01
3.840712201899016520e+01
3.862919224091595538e+01
3.883303871893009784e+01
3.902155339516706078e+01
3.919698494171278469e+01
3.936111660842171034e+01
3.951538655623264162e+01
3.966097164631243999e+01
3.979884724378860028e+01
3.992983083118718923e+01
4.005461442234643243e+01
4.017378906009344774e+01
4.028786361012456041e+01
4.039727937412745717e+01
4.050242159086158722e+01
4.060362858816641562e+01
4.070119913917385190e+01
4.079539842969211350e+01
4.088646294003167014e+01
4.097460446998692873e+01
4.106001348136912554e+01
4.114286189242881164e+01
4.122330542863089420e+01
4.130148561173007238e+01
4.137753145195988225e+01
4.145156089499035801e+01
4.152368206511787463e+01
4.159399433819493197e+01
4.166258927154967751e+01
4.172955141318823280e+01
4.179495900862075786e+01
4.185888462048056624e+01
4.192139567354638530e+01
4.198255493570007246e+01
4.204242094365653770e+01
4.210104838091261570e+01
4.215848841421534132e+01
4.221478899390148598e+01
4.226999512267153136e+01
4.232414909670238501e+01
4.237729072245089412e+01
4.242945751203576066e+01
4.248068485969263008e+01
4.253100620146466326e+01
4.258045316000795566e+01
4.262905567614962621e+01
4.267684212863007076e+01
4.272383944328325356e+01
4.277007319275651298e+01
4.281556768773934607e+01
4.286034606055688556e+01
4.290443034188435689e+01
4.294784153125324622e+01
4.299059966194428739e+01
4.303272386079731859e+01
4.307423240340990844e+01
4.311514276514701294e+01
4.315547166833862036e+01
4.319523512600410697e+01
4.323444848240671945e+01
4.327312645071155117e+01
4.331128314799288148e+01
4.334893212781308591e+01
4.338608641057335547e+01
4.342275851181794621e+01
4.345896046865624385e+01
4.349470386445183578e+01
4.352999985191414822e+01
4.356485917471599123e+01
4.359929218774917814e+01
4.363330887612089271e+01
4.366691887298408403e+01
4.370013147628760919e+01
4.373295566452424055e+01
4.376540011154827425e+01
4.379747320052861426e+01
4.382918303709752195e+01
4.386053746175079482e+01
4.389154406155016375e+01
4.392221018130750565e+01
4.395254293383885624e+01
4.398254920961389303e+01
4.401223568660198282e+01
4.404160883891080402e+01
4.407067494517296780e+01
4.409944009649750285e+01
4.412791020401336084e+01
4.415609100602991077e+01
4.418398807483802671e+01
4.421160682317338342e+01
4.423895251036208265e+01
4.426603024816751031e+01
4.429284500635588984e+01
4.431940161799677469e+01
4.434570478451372821e+01
4.437175908049940176e+01
4.439756895830825556e+01
4.442313875243921473e+01
4.444847268372001281e+01
4.447357486330388099e+01
4.449844929648884317e+01
4.452309988636912408e+01
4.454753043732745965e+01
4.457174465837688615e+01
4.459574616635958932e+01
4.461953848901047337e+01
4.464312506789208612e+01
4.466650926120766485e+01
4.468969434649828543e+01
4.471268352322988449e+01
4.473547991527570389e+01
4.475808657329909579e+01
4.478050647704169762e+01
4.480274253752136104e+01
4.482479759914434680e+01
4.484667444173554429e+01
4.486837578249085823e+01
4.488990427785515180e+01
4.491126252532930607e+01
4.493245306520959303e+01
4.495347838226241777e+01
4.497434090733732148e+01
4.499504301892108060e+01
4.501558704463541005e+01
4.503597526268075057e+01
4.505620990322864827e+01
4.507629314976461643e+01
4.509622714038400915e+01
4.511601396904256944e+01
4.513565568676372664e+01
4.515515430280443354e+01
4.517451178578125592e+01
4.519373006475832000e+01
4.521281103029874515e+01
4.523175653548099007e+01
4.525056839688154753e+01
4.526924839552535218e+01
4.528779827780516598e+01
4.530621975637110666e+01
4.532451451099169049e+01
4.534268418938716394e+01
4.536073040803656653e+01
4.537865475295922124e+01
4.539645878047184624e+01
4.541414401792206945e+01
4.543171196439929815e+01
4.544916409142378910e+01
4.546650184361467950e+01
4.548372663933780302e+01
4.550083987133405827e+01
4.551784290732889815e+01
4.553473709062379982e+01
4.555152374067019139e+01
4.556820415362663823e+01
4.558477960289971520e+01
4.560125133966925404e+01
4.561762059339839936e+01
4.563388857232916962e+01
4.565005646396382843e+01
4.566612543553271308e+01
4.568209663444886814e+01
4.569797118875000308e+01
4.571375020752816454e+01
4.572943478134753548e+01
4.574502598265083009e+01
4.576052486615444792e+01
4.577593246923309067e+01
4.579124981229387004e+01
4.580647789914038981e+01
4.582161771732718591e+01
4.583667023850468070e+01
4.585163641875509200e+01
4.586651719891946755e+01
4.588131350491627813e+01
4.589602624805159792e+01
4.591065632532144036e+01
4.592520461970619294e+01
4.593967200045759824e+01
4.595405932337845201e+01
4.596836743109516021e+01
4.598259715332353892e+01
4.599674930712787813e+01
4.601082469717360368e+01
4.602482411597367218e+01
4.603874834412890493e+01
4.605259815056240313e+01
4.606637429274827866e+01
4.608007751693480714e+01
4.609370855836220926e+01
4.610726814147517416e+01
4.612075698013035208e+01
4.613417577779883771e+01
4.614752522776392141e+01
4.616080601331415778e+01
4.617401880793185853e+01
4.618716427547726511e+01
4.620024307036840838e+01
4.621325583775676193e+01
4.622620321369893759e+01
4.623908582532438061e+01
4.625190429099925638e+01
4.626465922048663515e+01
4.627735121510303884e+01
4.628998086787145638e+01
4.630254876367096983e+01
4.631505547938297696e+01
4.632750158403428742e+01
4.633988763893687235e+01
4.635221419782473617e+01
4.636448180698764787e+01
4.637669100540204425e+01
4.638884232485901293e+01
4.640093629008957521e+01
4.641297341888723338e+01
4.642495422222791035e+01
4.643687920438731709e+01
4.644874886305581185e+01
4.646056368945086490e+01
4.647232416842712155e+01
4.648403077858417731e+01
4.649568399237205085e+01
4.650728427619453953e+01
4.651883209051036516e+01
4.653032788993226632e+01
4.654177212332403712e+01
4.655316523389556949e+01
4.656450765929598390e+01
4.657579983170486315e+01
4.658704217792161018e+01
4.659823511945302243e+01
4.660937907259913260e+01
4.662047444853727285e+01
4.663152165340453337e+01
4.664252108837854394e+01
4.665347314975663551e+01
4.666437822903353094e+01
4.667523671297738730e+01
4.668604898370446676e+01
4.669681541875230124e+01
4.670753639115140032e+01
4.671821226949566608e+01
4.672884341801137964e+01
4.673943019662488041e+01
4.674997296102897337e+01
4.676047206274805035e+01
4.677092784920196777e+01
4.678134066376877342e+01
4.679171084584614704e+01
4.680203873091183198e+01
4.681232465058280212e+01
4.682256893267338427e+01
4.683277190125233602e+01
4.684293387669879394e+01
4.685305517575725531e+01
4.686313611159150838e+01
4.687317699383761749e+01
4.688317812865588508e+01
4.689313981878191839e+01
4.690306236357675118e+01
4.691294605907607718e+01
4.692279119803857412e+01
4.693259806999337513e+01
4.694236696128669450e+01
4.695209815512761509e+01
4.696179193163308696e+01
4.697144856787210188e+01
4.698106833790909320e+01
4.699065151284659692e+01
4.700019836086716651e+01
4.700970914727447791e+01
4.701918413453388723e+01
4.702862358231207907e+01
4.703802774751621740e+01
4.704739688433228650e+01
4.705673124426286336e+01
4.706603107616417958e+01
4.707529662628260780e+01
4.708452813829050854e+01
4.709372585332140915e+01
4.710289001000472808e+01
4.711202084449974592e+01
4.712111859052917850e+01
4.713018347941203245e+01
4.713921574009602011e+01
4.714821559918939187e+01
4.715718328099225687e+01
4.716611900752737085e+01
4.717502299857044079e+01
4.718389547167988951e+01
4.719273664222620823e+01
4.720154672342076196e+01
4.721032592634414016e+01
4.721907445997407393e+01
4.722779253121289855e+01
4.723648034491455405e+01
4.724513810391113822e+01
4.725376600903909718e+01
4.726236425916495421e+01
4.727093305121059785e+01
4.727947258017827181e+01
4.728798303917503176e+01
4.729646461943696067e+01
4.730491751035287962e+01
4.731334189948776014e+01
4.732173797260577430e+01
4.733010591369291831e+01
4.733844590497936622e+01
4.734675812696143282e+01
4.735504275842320254e+01
4.736329997645782441e+01
4.737152995648851572e+01
4.737973287228916774e+01
4.738790889600471701e+01
4.739605819817116839e+01
4.740418094773531266e+01
4.741227731207416696e+01
4.742034745701406706e+01
4.742839154684959624e+01
4.743640974436205227e+01
4.744440221083781495e+01
4.745236910608630154e+01
4.746031058845773742e+01
4.746822681486065676e+01
4.747611794077909053e+01
4.748398412028956272e+01
4.749182550607780229e+01
4.749964224945522062e+01
4.750743450037515458e+01
4.751520240744884660e+01
4.752294611796124002e+01
4.753066577788649028e+01
4.753836153190329128e+01
4.754603352340998157e+01
4.755368189453937333e+01
4.756130678617346774e+01
4.756890833795789320e+01
4.757648668831613747e+01
4.758404197446358808e+01
4.759157433242140200e+01
4.759908389703015530e+01
4.760657080196326518e+01
4.761403517974029853e+01
4.762147716174001744e+01
4.762889687821331108e+01
4.763629445829589315e+01
4.764367003002085710e+01
4.765102372033101119e+01
4.765835565509113536e+01
4.766566595909993964e+01
4.767295475610197286e+01
4.768022216879931818e+01
4.768746831886311099e+01
4.769469332694493602e+01
4.770189731268804678e+01
4.770908039473843587e+01
4.771624269075578439e+01
4.772338431742419118e+01
4.773050539046286644e+01
4.773760602463653413e+01
4.774468633376586979e+01
4.775174643073765424e+01
4.775878642751484904e+01
4.776580643514654412e+01
4.777280656377776324e+01
4.777978692265915583e+01
4.778674762015649691e+01
4.779368876376017283e+01
4.780061046009441839e+01
4.780751281492654670e+01
4.781439593317595893e+01
4.782125991892311845e+01
4.782810487541836153e+01
4.783493090509057311e+01
4.784173810955584827e+01
4.784852658962589800e+01
4.785529644531649041e+01
4.786204777585567172e+01
4.786878067969193751e+01
4.787549525450231158e+01
4.788219159720026141e+01
4.788886980394356385e+01
4.789552997014209268e+01
4.790217219046540720e+01
4.790879655885035504e+01
4.791540316850853287e+01
4.792199211193361208e+01
4.792856348090867158e+01
4.793511736651333877e+01
4.794165385913090915e+01
4.794817304845533812e+01
4.795467502349815447e+01
