# rs_dv
inf
3.474683767677739787e+00
1.741932344178809489e+00
1.164385673525368148e+00
8.756400901982922536e-01
7.024148564992971355e-01
5.869497228104433306e-01
5.044902933466705042e-01
4.426593675947851358e-01
3.945807207937614969e-01
3.561286161273082840e-01
3.246775829935268920e-01
2.984773061399246807e-01
2.763160275054303838e-01
2.573282044158379800e-01
2.408791045010067744e-01
2.264926775179862961e-01
2.138048841775737618e-01
2.025325820284683276e-01
1.924522368514435533e-01
1.833850206349877665e-01
1.751861672718851848e-01
1.677372312473132676e-01
1.609403657992672931e-01
1.547140315385228393e-01
1.489897349994391273e-01
1.437095198325094580e-01
1.388240155092951011e-01
1.342909041616301979e-01
1.300737046261184193e-01
1.261407996793407482e-01
1.224646515497289090e-01
1.190211645205747071e-01
1.157891634230149430e-01
1.127499641592837193e-01
1.098870178501724915e-01
1.071856142908732407e-01
1.046326334946966474e-01
1.022163364663687263e-01
9.992618816369683299e-02
9.775270701463951994e-02
9.568733645592869541e-02
9.372233482298694685e-02
9.185068060371802401e-02
9.006599061192119282e-02
8.836244907060993026e-02
8.673474594503460811e-02
8.517802314779633621e-02
8.368782746804055706e-02
8.226006926415103948e-02
8.089098611305714503e-02
7.957711073583861872e-02
7.831524262397564218e-02
7.710242287748417245e-02
7.593591183858411364e-02
7.481316916511029924e-02
7.373183603870177294e-02
7.268971924560828357e-02
7.168477690411269310e-02
7.071510564321223380e-02
6.977892906324964506e-02
6.887458733138943079e-02
6.800052778381571184e-02
6.715529642279834122e-02
6.633753021075515510e-02
6.554595007548408292e-02
6.477935455114258723e-02
6.403661398855675646e-02
6.331666527625669227e-02
6.261850702042999484e-02
6.194119513790396353e-02
6.128383882144115141e-02
6.064559684115289340e-02
6.002567414980545385e-02
5.942331876327493212e-02
5.883781889047402791e-02
5.826850028977636348e-02
5.771472383135094197e-02
5.717588324693073654e-02
5.665140305041035940e-02
5.614073661432848056e-02
5.564336438876581886e-02
5.515879225050462215e-02
5.468654997146611685e-02
5.422618979648858445e-02
5.377728512144426543e-02
5.333942926353039266e-02
5.291223431631993102e-02
5.249533008283271962e-02
5.208836275857667286e-02
5.169099529142925920e-02
5.130290457967993933e-02
5.092378195162330229e-02
5.055333208394585665e-02
5.019127229141055052e-02
4.983733182184941352e-02
4.949125139038519638e-02
4.915278235682143948e-02
4.882168633432022731e-02
4.849773463358955650e-02
4.818070777758794165e-02
4.787039503259225837e-02
4.756659402835066580e-02
4.726911027872372772e-02
4.697775685020316727e-02
4.669235398992038766e-02
4.641272878645318067e-02
4.613871484964121583e-02
4.587015197313250303e-02
4.560688598883481937e-02
4.534876828634352985e-02
4.509565569763639842e-02
4.484741022008555816e-02
4.460389878738867109e-02
4.436499305255110770e-02
4.413056918218609403e-02
4.390050764756721347e-02
4.367469309511044090e-02
4.345301408737822085e-02
4.323536299184906756e-02
4.302163580855679348e-02
4.281173201948241386e-02
4.260555444535201602e-02
4.240300910941968704e-02
4.220400510784125953e-02
4.200845448627037182e-02
4.181627209162561143e-02
4.162737558296659979e-02
4.144168514045405011e-02
4.125912348649578287e-02
4.107961575795307518e-02
4.090308941352707728e-02
4.072947414535724175e-02
4.055870179460993596e-02
4.039070627084877241e-02
4.022542347499137583e-02
4.006279122566744344e-02
3.990274918880496596e-02
3.974523880073262128e-02
3.959020324194085366e-02
3.943758731809500484e-02
3.928733743920469895e-02
3.913940155351915140e-02
3.899372909335461351e-02
3.885027092318230763e-02
3.870897928986793968e-02
3.856980777495971902e-02
3.843271124892726209e-02
3.829764582725932176e-02
3.816456882833292596e-02
3.803343873297145017e-02
3.790421511906234137e-02
3.777685873048589743e-02
3.765133128192010153e-02
3.752759553067649967e-02
3.740561521703594794e-02
3.728535503243219501e-02
3.716678058885505842e-02
3.704985838941911996e-02
3.693455580004659927e-02
3.682084102221570149e-02
3.670868306672806641e-02
3.659805172845139593e-02
3.648891756199521691e-02
3.638125185828000596e-02
3.627502662196187277e-02
3.617021454967657423e-02
3.606678900906848395e-02
3.596472400827099847e-02
3.586399421761994610e-02
3.576457488902019116e-02
3.566644187902798940e-02
3.556957162103581427e-02
3.547394110837567144e-02
3.537952787800823645e-02
3.528630999477418151e-02
3.519426603618544536e-02
3.510337507773507448e-02
3.501361667870506872e-02
3.492497086845298970e-02
3.483741813315832658e-02
3.475093940301123702e-02
3.466551603982621216e-02
3.458112982506468536e-02
3.449776294825083328e-02
3.441539799576576880e-02
3.433401794000572049e-02
3.425360612889070955e-02
3.417414627571049857e-02
3.409562242669459536e-02
3.401801904191285864e-02
3.394132085041428465e-02
3.386551293174693000e-02
3.379058068469819459e-02
3.371650981891957666e-02
3.364328634681117147e-02
3.357089657565683755e-02
3.349932710000112779e-02
3.342856479425926342e-02
3.335859680555187251e-02
3.328941054675699229e-02
3.322099368977116801e-02
3.315333415897286917e-02
3.308642012488099277e-02
3.302023999800166726e-02
3.295478242285707765e-02
3.289003627219003190e-02
3.282599064133825961e-02
3.276263484277273930e-02
3.269995840079447519e-02
3.263795104638463757e-02
3.257660271220257781e-02
3.251590352772720793e-02
3.245584381453669315e-02
3.239641408172209969e-02
3.233760502143066123e-02
3.227940749761448735e-02
3.222181256950212846e-02
3.216481144597761743e-02
3.210839550928983044e-02
3.205255630425987018e-02
3.199728553451794411e-02
3.194257505884313952e-02
3.188841688760326448e-02
3.183480317929102132e-02
3.178172624934640089e-02
3.172917851843198855e-02
3.167715258143103535e-02
3.162564115652834185e-02
3.157463709406264918e-02
3.152413337358269535e-02
3.147412310098105653e-02
3.142459950570316435e-02
3.137555592813034283e-02
3.132698585653233281e-02
3.127888286508198612e-02
3.123124065095199062e-02
3.118405302196403453e-02
3.113731389420373863e-02
3.109101728969659514e-02
3.104515733414289422e-02
3.099972825470989971e-02
3.095472437787970613e-02
3.091014012735104205e-02
3.086597002199357315e-02
3.082220867385309163e-02
3.077885078620625631e-02
3.073589115166321106e-02
3.069332465031715182e-02
3.065114624793894085e-02
3.060935099421613001e-02
3.056793402103447771e-02
3.052689053764509608e-02
3.048621584165478807e-02
3.044590529848729965e-02
3.040595435245394690e-02
3.036635852207458450e-02
3.032711339859233204e-02
3.028821464452354298e-02
3.024965799224190940e-02
3.021143924259595340e-02
3.017355426355883968e-02
3.013599898890965967e-02
3.009876941694548599e-02
3.006186160922316372e-02
3.002527168933019630e-02
2.998899584168389365e-02
2.995303031035800867e-02
2.991737139793620645e-02
2.988201546439157863e-02
2.984695892599158878e-02
2.981219825422772030e-02
2.977772997476925074e-02
2.974355066644048320e-02
2.970965696022083088e-02
2.967604552925817013e-02
2.964271312395199906e-02
2.960965651695512263e-02
2.957687253830505389e-02
2.954435806551767782e-02
2.951211002271263498e-02
2.948012537975789812e-02
2.944840115143280979e-02
2.941693439660944889e-02
2.938572221745136548e-02
2.935476175862990547e-02
2.932405020655703271e-02
2.929358478863477652e-02
2.926336277252051740e-02
2.923338146540791285e-02
2.920363821332307847e-02
2.917413040043552799e-02
2.914485544838370246e-02
2.911581081561448806e-02
2.908699399673666391e-02
2.905840252188771067e-02
2.903003395611377171e-02
2.900188589876246531e-02
2.897395598288818319e-02
2.894624187466957738e-02
2.891874127283904430e-02
2.889145190812374836e-02
2.886437154269816743e-02
2.883749796604872379e-02
2.881082900884467460e-02
2.878436252082672633e-02
2.875809638470109425e-02
2.873202851204495825e-02
2.870615684282174992e-02
2.868047934490611933e-02
2.865499401361832135e-02
2.862969887126777524e-02
2.860459196670558230e-02
2.857967137488599471e-02
2.855493519643626313e-02
2.853038155723505373e-02
2.850600860799898731e-02
2.848181452387719623e-02
2.845779750405378825e-02
2.843395577135793273e-02
2.841028757188140963e-02
2.838679117460358656e-02
2.836346487102349087e-02
2.834030697479890393e-02
2.831731582139234912e-02
2.829448976772369617e-02
2.827182719182948570e-02
2.824932649252849537e-02
2.822698608909363430e-02
2.820480442093013101e-02
2.818277994725944952e-02
2.816091114680937743e-02
2.813919651750961329e-02
2.811763457619314080e-02
2.809622385830309182e-02
2.807496291760494533e-02
2.805385032590405198e-02
2.803288466461668210e-02
2.801206455710632259e-02
2.799138861950034932e-02
2.797085549304028848e-02
2.795046383567048945e-02
2.793021232178490715e-02
2.791009964197864804e-02
2.789012450280384248e-02
2.787028562652995103e-02
2.785058175090831742e-02
2.783101162894088473e-02
2.781157402865303691e-02
2.779226773287048202e-02
2.777309153899999022e-02
2.775404425881404166e-02
2.773512471823926309e-02
2.771633175714848310e-02
2.769766422915649270e-02
2.767912100141935866e-02
2.766070095443709173e-02
2.764240298185989542e-02
2.762422599029766210e-02
2.760616889913271310e-02
2.758823064033583128e-02
2.757041015828540567e-02
2.755270640958963624e-02
2.753511836291175352e-02
2.751764499879830184e-02
2.750028530951018069e-02
2.748303829885664906e-02
2.746590298203208796e-02
2.744887838545546563e-02
2.743196354661255054e-02
2.741515751390071268e-02
2.739845934647632333e-02
2.738186811410470850e-02
2.736538289701251694e-02
2.734900278574264529e-02
2.733272688101142864e-02
2.731655429356827022e-02
2.730048414405749843e-02
2.728451556288255878e-02
2.726864768748777507e-02
2.725287967256566704e-02
2.723721067441866803e-02
2.722163986117175430e-02
2.720616641006211311e-02
2.719078950731604327e-02
2.717550834802765977e-02
2.716032213603973219e-02
2.714523008382627167e-02
2.713023141237711627e-02
2.711532535108420600e-02
2.710051113762981800e-02
2.708578801787640475e-02
2.707115524575837498e-02
2.705661208317529723e-02
2.704215779988710863e-02
2.702779167341066643e-02
2.701351298891809666e-02
2.699932103913669015e-02
2.698521512425026275e-02
2.697119455180222239e-02
2.695725863659993726e-02
