# d_z
1.000000000000000000e+00
9.904614668012213796e-01
9.809697425272665416e-01
9.715296305610334748e-01
9.621460200217417658e-01
9.528231476676284339e-01
9.435650349240716217e-01
9.343756494746888741e-01
9.252582700356019041e-01
9.162164420295397793e-01
9.072528359261393671e-01
8.983702559805204491e-01
8.895712366662728021e-01
8.808578506220953175e-01
8.722321859878144901e-01
8.636959204765991549e-01
8.552506887455627593e-01
8.468978267017943651e-01
8.386384612615818135e-01
8.304735887601506494e-01
8.224039759214071266e-01
8.144303860631079139e-01
8.065532219630936472e-01
7.987727525055081657e-01
7.910892200542575248e-01
7.835028030787761777e-01
7.760135642921957011e-01
7.686209926971644402e-01
7.613251138739384194e-01
7.541254870977119884e-01
7.470217920567925329e-01
7.400133979564225140e-01
7.330997474416979243e-01
7.262801933222937656e-01
7.195539969643960365e-01
7.129204096277348413e-01
7.063785785228122727e-01
6.999276267398300000e-01
6.935666969257470171e-01
6.872947573810326283e-01
6.811108587548866389e-01
6.750139851833278914e-01
6.690030963203210668e-01
6.630771768750868267e-01
6.572350449748354251e-01
6.514756373857463201e-01
6.457979733363710118e-01
6.402007500736571766e-01
6.346829671491641678e-01
6.292434078283025700e-01
6.238810140945131311e-01
6.185946072727688261e-01
6.133830166976644849e-01
6.082452158469123793e-01
6.031799555544314906e-01
5.981861296588061316e-01
5.932627349091367241e-01
5.884085115803641131e-01
5.836224113908539124e-01
5.789033505464787899e-01
5.742502736835374266e-01
5.696620345963769871e-01
5.651375993471006165e-01
5.606759055555584625e-01
5.562758922888685342e-01
5.519365894930906569e-01
5.476569453543416177e-01
5.434359429757738003e-01
5.392726933692977287e-01
5.351660763169191481e-01
5.311151946997327844e-01
5.271191037262800139e-01
5.231769342575964821e-01
5.192876467221414494e-01
5.154504079754423929e-01
5.116643868498081948e-01
5.079285984078139027e-01
5.042422245159591254e-01
5.006044365625980097e-01
4.970143651540651075e-01
4.934712702055959466e-01
4.899742857594863166e-01
4.865226443465276995e-01
4.831155768741435264e-01
4.797523597747910817e-01
4.764321878649619979e-01
4.731543198083089652e-01
4.699180897303744109e-01
4.667227618179207171e-01
4.635676931036470383e-01
4.604520861905743168e-01
4.573754334921381615e-01
4.543369459077659100e-01
4.513360085121851384e-01
4.483720635637047369e-01
4.454444042592731745e-01
4.425525336136559851e-01
4.396957257477537295e-01
4.368735081216066352e-01
4.340852375675426922e-01
4.313303931107214106e-01
4.286083982780831136e-01
4.259187230164166449e-01
4.232608224261834029e-01
4.206342239862767007e-01
4.180383744208626684e-01
4.154727811206581078e-01
4.129369901449767011e-01
4.104304849670432076e-01
4.079527985908756316e-01
4.055034759957059087e-01
4.030820105980034151e-01
4.006880767800782284e-01
3.983211312346006672e-01
3.959807762866799918e-01
3.936666194137128927e-01
3.913782316827131291e-01
3.891151899406746772e-01
3.868771393167049766e-01
3.846636476300878682e-01
3.824743724083985441e-01
3.803088991357210791e-01
3.781668978268694081e-01
3.760479905674507517e-01
3.739518483300978691e-01
3.718780862400575815e-01
3.698263712494287980e-01
3.677963814401335463e-01
3.657878287572298159e-01
3.638003242407510385e-01
3.618335786103277218e-01
3.598872813126131054e-01
3.579611211281374938e-01
3.560548369830398574e-01
3.541680965446162843e-01
3.523006507934923759e-01
3.504521631004637316e-01
3.486224335583400502e-01
3.468111054373879676e-01
3.450179396009057098e-01
3.432427350716692471e-01
3.414851543625831432e-01
3.397449706250064705e-01
3.380219569902325194e-01
3.363158356167599838e-01
3.346264249552807213e-01
3.329534069200372759e-01
3.312966345448668526e-01
3.296558226096811817e-01
3.280307623278217455e-01
