# da
0.000000000000000000e+00
8.785690023188371356e+01
1.716093781412793646e+02
2.514818878076325461e+02
3.276828523377422471e+02
4.004061379748263789e+02
4.698323657062211964e+02
5.361300806526935503e+02
5.994567967167301958e+02
6.599599315902597709e+02
7.177776452019779754e+02
7.730395929619853632e+02
8.258676036884585301e+02
8.763762908378156453e+02
9.246736045734676281e+02
9.708613312715116308e+02
1.015035546252027530e+03
1.057287024823044476e+03
1.097701616115004981e+03
1.136360583653321100e+03
1.173340916154290881e+03
1.208715611625737665e+03
1.242553937500239499e+03
1.274921669218958868e+03
1.305881309412063047e+03
1.335492289582547301e+03
1.363811155989741337e+03
1.390891741243190381e+03
1.416785322953869127e+03
1.441540770644989834e+03
1.465204681996778845e+03
1.487821509386341859e+03
1.509433677583442432e+03
1.530081693374055021e+03
1.549804247804640227e+03
1.568638311669938730e+03
1.586619224804797568e+03
1.603780779685045218e+03
1.620155299793126460e+03
1.635773713160137049e+03
1.650665621456733788e+03
1.664859364970319803e+03
1.678382083774645707e+03
1.691259775369966746e+03
1.703517349477234120e+03
1.715178677643521723e+03
1.726266644280512764e+03
1.736803192875582454e+03
1.746809361562168988e+03
1.756305336468708447e+03
1.765310483170794669e+03
1.773843382867181845e+03
1.781921871475922217e+03
1.789563070132549456e+03
1.796783419485739614e+03
1.803598701421068881e+03
1.810024079893797762e+03
1.816074119834900102e+03
1.821762815847612046e+03
1.827103613288405086e+03
1.832109436820259361e+03
1.836792709232738389e+03
1.841165373515684905e+03
1.845238915123987681e+03
1.849024373112238436e+03
1.852532370720686004e+03
1.855773124813732920e+03
1.858756464649093914e+03
1.861491848533781194e+03
1.863988376415923540e+03
1.866254808465030692e+03
1.868299576336831478e+03
1.870130797145120823e+03
1.871756286180172083e+03
1.873183569066589598e+03
1.874419895359765405e+03
1.875472241785458664e+03
1.876347334670751252e+03
1.877051652262771995e+03
1.877591436422394281e+03
1.877972701939266472e+03
1.878201245448057762e+03
1.878282653964468864e+03
1.878222313864974240e+03
1.878025415492091270e+03
1.877696965479758319e+03
1.877241790720432846e+03
1.876664546049582668e+03
1.875969720840173522e+03
1.875161645323017410e+03
1.874244496645263780e+03
1.873222304678782621e+03
1.872098957589555084e+03
1.870878207178715456e+03
1.869563675867006623e+03
1.868158854166993251e+03
1.866667116553192045e+03
1.865091718554113868e+03
1.863435802950449443e+03
1.861702403942114643e+03
1.859894451148376902e+03
1.858014773448279357e+03
1.856066102668237363e+03
1.854051077123370987e+03
1.851972245018827380e+03
1.849832067717064547e+03
1.847632922876807243e+03
1.845377108062581328e+03
1.843066841269877614e+03
1.840704267269308275e+03
1.838291457912650458e+03
1.835830415299592914e+03
1.833323073160079502e+03
1.830771303542927853e+03
1.828176912730585173e+03
1.825541647632396234e+03
1.822867197732117120e+03
1.820155193670209201e+03
1.817407214385855241e+03
1.814624785549651733e+03
1.811809382242499169e+03
1.808962430703241353e+03
1.806085310011061210e+03
1.803179353705287213e+03
1.800245851345097435e+03
1.797286050290448429e+03
1.794301156033271127e+03
1.791292335264086660e+03
1.788260716099126512e+03
1.785207389652567599e+03
1.782133411282873112e+03
1.779039801793876677e+03
1.775927548592419953e+03
1.772797606804219640e+03
1.769650900349597350e+03
1.766488322980654175e+03
1.763310739281344468e+03
1.760118986434499220e+03
1.756913871941472280e+03
1.753696179335490115e+03
1.750466665836227548e+03
1.747226063987641055e+03
1.743975082463712624e+03
1.740714406845973826e+03
1.737444700373897149e+03
1.734166604669174149e+03
1.730880740434863583e+03
1.727587708130347664e+03
1.724288088623009116e+03
1.720982443817484409e+03
