# f_ap
0.000000000000000000e+00
2.028245473475103269e-02
4.073313799751002162e-02
6.136094880409666275e-02
8.217463121659368541e-02
1.031827591614728340e-01
1.243937226365034038e-01
1.458157153093254388e-01
1.674567234991034825e-01
1.893245165220933945e-01
2.114266383723221454e-01
2.337704006999833661e-01
2.563628770426102932e-01
2.792108982576223530e-01
3.023210490994553967e-01
3.256996658801309952e-01
3.493528351487905081e-01
3.732863933233216969e-01
3.975059272057192006e-01
4.220167753121332743e-01
4.468240299486241907e-01
4.719325399643680141e-01
4.973469141153575857e-01
5.230715249734482208e-01
5.491105133178295628e-01
5.754677929485695342e-01
6.021470558647362692e-01
6.291517777526498545e-01
6.564852237330507378e-01
6.841504543192493681e-01
7.121503315417039293e-01
7.404875251978086936e-01
7.691645191890246203e-01
7.981836179107185680e-01
8.275469526632877049e-01
8.572564880561625023e-01
8.873140283792582128e-01
9.177212239191873122e-01
9.484795772002434511e-01
9.795904491325804209e-01
1.011055065052397062e+00
1.042874520641043690e+00
1.075049787712009541e+00
1.107581719856555624e+00
1.140471037671268117e+00
1.173718414394159471e+00
1.207324361807252222e+00
1.241289315486290068e+00
1.275613614310774802e+00
1.310297513832540117e+00
1.345341185593494915e+00
1.380744720820119342e+00
1.416508137704388215e+00
1.452631383391291164e+00
1.489114340067329234e+00
1.525956821867026303e+00
1.563158588544532712e+00
1.600719342190900063e+00
1.638638732928705766e+00
1.676916358924999573e+00
1.715551773976983441e+00
1.754544487299523281e+00
1.793893966988820754e+00
1.833599644631951353e+00
1.873660909708788402e+00
1.914077123929289304e+00
1.954847615521397852e+00
1.995971683319768708e+00
2.037448599512061698e+00
2.079277608640648367e+00
2.121457933756776715e+00
2.163988775272417175e+00
2.206869313309249847e+00
2.250098709249765516e+00
2.293676107207475390e+00
2.337600637879203358e+00
2.381871410086239482e+00
2.426487526601224687e+00
2.471448075669659072e+00
2.516752134527858509e+00
2.562398770459502373e+00
2.608387041794090866e+00
2.654715998850127878e+00
2.701384685985472878e+00
2.748392137823975290e+00
2.795737386931708368e+00
2.843419460000786714e+00
2.891437379688970299e+00
2.939790165283656886e+00
2.988476833327149418e+00
3.037496398205137282e+00
3.086847872700286377e+00
3.136530268512704112e+00
3.186542596749029066e+00
3.236883871604971485e+00
3.287553097964799331e+00
3.338549290961407845e+00
3.389871463645528049e+00
3.441518630503002107e+00
3.493489807786987811e+00
3.545784013828608749e+00
3.598400269327236778e+00
3.651337597621429953e+00
3.704595024941650827e+00
3.758171580645661258e+00
3.812066297437592066e+00
3.866278211571545054e+00
3.920806364301535396e+00
3.975649797033705468e+00
4.030807558991605255e+00
4.086278702384552375e+00
4.142062283785902466e+00
4.198157361758232398e+00
4.254563006797490665e+00
4.311278286956862438e+00
4.368302277434833236e+00
4.425634060428369487e+00
4.483272716855680962e+00
4.541217338918086988e+00
4.599467021871129546e+00
4.658020866148824268e+00
4.716877977415732559e+00
4.776037466612845783e+00
4.835498449997756687e+00
4.895260049179308126e+00
4.955321391916127638e+00
5.015681609076542813e+00
5.076339839239909502e+00
5.137295225669285870e+00
5.198546917081567464e+00
5.260094067655778360e+00
5.321935837037746531e+00
5.384071390341589769e+00
5.446499898148024599e+00
5.509220536499817023e+00
5.572232486894537651e+00
5.635534936274747331e+00
5.699127079614480174e+00
5.763008109543387825e+00
5.827177231823012171e+00
5.891633655032859629e+00
5.956376593115902729e+00
6.021405265356812642e+00
6.086718896358559228e+00
6.152316716017633524e+00
6.218197959497906879e+00
6.284361867203290153e+00
6.350807684749238291e+00
6.417534662933218392e+00
6.484542057704206997e+00
