# f_z
4.738994244584323057e-01
4.858728520957248387e-01
4.976948168330778133e-01
5.093574615162793640e-01
5.208536323257272338e-01
5.321768304536433902e-01
5.433212781801063374e-01
5.542817887684982070e-01
5.650538830563245352e-01
5.756336642076599341e-01
5.860178523387099547e-01
5.962037416979701909e-01
6.061891795681005890e-01
6.159725476910639097e-01
6.255527145539131473e-01
6.349290288516751257e-01
6.441012810075323891e-01
6.530696916654903372e-01
6.618348543749863477e-01
6.703977223086838855e-01
6.787595884672047442e-01
6.869220680905472332e-01
6.948870261903447032e-01
7.026565858201385684e-01
7.102331422253294058e-01
7.176192394713701850e-01
7.248176361348359631e-01
7.318312561319769705e-01
7.386631527847921097e-01
7.453164964489987776e-01
7.517945862487355191e-01
7.581007932340153577e-01
7.642385436023919620e-01
7.702113453671834975e-01
7.760227495726160774e-01
7.816763195756951665e-01
7.871756492656648563e-01
7.925243319724885049e-01
7.977259744507168016e-01
8.027841556691234226e-01
8.077024521506274146e-01
8.124843790433000645e-01
8.171334496090458810e-01
8.216531666511907028e-01
8.260469220812011182e-01
8.303181083843537147e-01
8.344700622806063839e-01
8.385060350004958085e-01
8.424292496108573003e-01
8.462428527141356849e-01
8.499499482059126310e-01
8.535535380856623666e-01
8.570566055720537646e-01
8.604620322083955664e-01
8.637726519875063014e-01
8.669912080702842916e-01
8.701204066399066406e-01
8.731628594394751364e-01
8.761211406733880880e-01
8.789977279903726792e-01
8.817950336877690143e-01
8.845154347533641381e-01
8.871612145966416563e-01
8.897345965740874885e-01
8.922377460246578851e-01
8.946727740846989185e-01
8.970417153866951931e-01
8.993465443379290436e-01
9.015892009348572822e-01
9.037715304490638868e-01
9.058953655418318096e-01
9.079624525547502767e-01
9.099744821482711465e-01
9.119331195519305711e-01
9.138399538582574477e-01
9.156965404901591388e-01
9.175043915533257488e-01
9.192649397543134482e-01
9.209796044573773655e-01
9.226497396396777795e-01
9.242766996573327232e-01
9.258617355258828008e-01
9.274061152058199475e-01
9.289109997315383449e-01
9.303775993040991343e-01
9.318069939132080926e-01
9.332003120736066526e-01
9.345585887837997152e-01
9.358828550753899300e-01
9.371741125039485532e-01
9.384333010640001360e-01
9.396613401712828884e-01
9.408591583107543954e-01
9.420276074078834938e-01
9.431675323865034155e-01
9.442797623470755575e-01
9.453650726756941403e-01
9.464242375130174079e-01
9.474579804246421322e-01
9.484670389730182061e-01
9.494521045376478341e-01
9.504138403622607312e-01
9.513529268081118984e-01
9.522699510886513119e-01
9.531655640006623242e-01
9.540403354715720763e-01
9.548948609561890288e-01
9.557296821247643903e-01
9.565453410402142698e-01
9.573423533214715508e-01
9.581212578547838588e-01
9.588824966447861975e-01
9.596265877515035569e-01
9.603539731646514310e-01
9.610651091151597436e-01
9.617604107724024853e-01
9.624403183516768712e-01
9.631052204267932515e-01
9.637555435218853050e-01
9.643916455010314026e-01
9.650139055219489892e-01
9.656226825117827373e-01
9.662183377330842982e-01
9.668011954389761353e-01
9.673715990809191867e-01
9.679298560122466810e-01
9.684762854900232920e-01
9.690111939221955906e-01
9.695348586383102374e-01
9.700475631643077357e-01
9.705496074860993083e-01
9.710412445164438022e-01
9.715227207000076692e-01
9.719943079970775335e-01
9.724562414869579730e-01
9.729087655730261908e-01
9.733520939208617495e-01
9.737864776714439952e-01
9.742121343811316336e-01
9.746292596248915530e-01
9.750380572665277024e-01
9.754387443492101850e-01
9.758315060700762933e-01
9.762165376388104443e-01
9.765940119012618270e-01
9.769641308231118426e-01
9.773270423797703055e-01
9.776829211948478981e-01
9.780319499435742303e-01
9.783742803027017931e-01
