# fsigma_8
3.972491658912284396e-01
4.034162880618634706e-01
4.092874413146969093e-01
4.148633279889374359e-01
4.201454722287009669e-01
4.251361710945387173e-01
4.298384393241850288e-01
4.342559415111049148e-01
4.383929565527161509e-01
4.422542897148671881e-01
4.458452479545858549e-01
4.491715612786976175e-01
4.522393486996317824e-01
4.550550511733095771e-01
4.576253876838600188e-01
4.599573252932301348e-01
4.620579991907659001e-01
4.639347157404650757e-01
4.655948654975770595e-01
4.670459312199000124e-01
4.682954184952884957e-01
4.693508596651970177e-01
4.702197514195788908e-01
4.709095482818774214e-01
4.714276395130626018e-01
4.717813226653836955e-01
4.719777846431809643e-01
4.720240943397631672e-01
4.719271774357195470e-01
4.716938081833224605e-01
4.713306075976313458e-01
4.708440174174902126e-01
4.702403106506037322e-01
4.695255768631854121e-01
4.687057166326188962e-01
4.677864503716887556e-01
4.667732991074132753e-01
4.656715900309053024e-01
4.644864739003553566e-01
4.632228905540471398e-01
4.618856152368360779e-01
4.604792065554912939e-01
4.590080619039864085e-01
4.574763969338335734e-01
4.558882576033500000e-01
4.542474635095987145e-01
4.525577314045975408e-01
4.508225733493084753e-01
4.490453666725874871e-01
4.472293091094026729e-01
4.453774730594792230e-01
4.434927608562460599e-01
4.415779505600227473e-01
4.396356755628453850e-01
4.376684458319434201e-01
4.356786313650099496e-01
4.336685015171895530e-01
4.316401892440237531e-01
4.295957352965776299e-01
4.275370541091405574e-01
4.254659691892765938e-01
4.233842032560906077e-01
4.212933896127917799e-01
4.191950568579925207e-01
4.170906627338196171e-01
4.149815806411883412e-01
4.128691010030976494e-01
4.107544368837697801e-01
4.086387412140108366e-01
4.065230881310680222e-01
4.044084961868396610e-01
4.022959189111878220e-01
4.001862465719256967e-01
3.980803215366228165e-01
3.959789297267715114e-01
3.938828068513558489e-01
3.917926406949943097e-01
3.897090725405723544e-01
3.876327090848556423e-01
3.855641010448101480e-01
3.835037820047207946e-01
3.814522241253978652e-01
3.794098818913478333e-01
3.773771748691925887e-01
3.753544867368791005e-01
3.733421700288782619e-01
3.713405547164488896e-01
3.693499491146229330e-01
3.673706230577705178e-01
3.654028342027313414e-01
3.634468099259761109e-01
3.615027620938213171e-01
3.595708828297592419e-01
3.576513381291180349e-01
3.557442884190159527e-01
3.538498640326980804e-01
3.519681913901195336e-01
3.500993758492063623e-01
3.482435049572003560e-01
3.464006639708421820e-01
3.445709147393353211e-01
3.427543126047145616e-01
3.409509073001396606e-01
3.391607228225733683e-01
3.373837889169610804e-01
3.356201198903203120e-01
3.338697216623437436e-01
3.321325899605828136e-01
3.304087193081776119e-01
3.286980891395138715e-01
3.270006813186602801e-01
3.253164587729685531e-01
3.236453951301593857e-01
3.219874425484762770e-01
3.203425626499757928e-01
3.187106988353408665e-01
3.170917997637436869e-01
3.154858058371565188e-01
3.138926579388025551e-01
3.123122855139395804e-01
3.107446221732787506e-01
3.091895957149946583e-01
3.076471335644289096e-01
3.061171553162290171e-01
3.045995805537350387e-01
3.030943296054593450e-01
3.016013205576808520e-01
3.001204686023365986e-01
2.986516795105662037e-01
2.971948720656885645e-01
2.957499554779339235e-01
2.943168375530075820e-01
2.928954279382111614e-01
2.914856306842380507e-01
2.900873553388659265e-01
2.887005070365589177e-01
2.873249888802829610e-01
2.859607089544831671e-01
2.846075717631610380e-01
2.832654797123949630e-01
2.819343337963841623e-01
2.806140432273038776e-01
2.793045089475627019e-01
2.780056323773618110e-01
2.767173206514376704e-01
2.754394775746654145e-01
2.741720042445584538e-01
2.729148062815368592e-01
2.716677900782849542e-01
2.704308578541170793e-01
