# h
6.729999999889747642e+01
6.783900216730872046e+01
6.839527337382094174e+01
6.896881843219043162e+01
6.955962913841999296e+01
7.016768482298189724e+01
7.079295292135124384e+01
7.143538955877484398e+01
7.209494014532005224e+01
7.277153997740366265e+01
7.346511484218800092e+01
7.417558162144628398e+01
7.490284889173271665e+01
7.564681751794454101e+01
7.640738123762415057e+01
7.718442723361661706e+01
7.797783669296815390e+01
7.878748535021776433e+01
7.961324401349641278e+01
8.045497907210257438e+01
8.131255298446512825e+01
8.218582474563552864e+01
8.307465033366716511e+01
8.397888313444050823e+01
8.489837434467739286e+01
8.583297335305590536e+01
8.678252809948891411e+01
8.774688541276420040e+01
8.872589132686324831e+01
8.971939137637976103e+01
9.072723087154660959e+01
9.174925515345522342e+01
9.278530983011425803e+01
9.383524099404122865e+01
9.489889542212225138e+01
9.597612075850119595e+01
9.706676568128015958e+01
9.817068005382294871e+01
9.928771506145889703e+01
1.004177233343796161e+02
1.015605590575154338e+02
1.027160780681639380e+02
1.038841379421276940e+02
1.050645980690970873e+02
1.062573178026724037e+02
1.074621641379975188e+02
1.086790003858895091e+02
1.099076937547870187e+02
1.111481135066984791e+02
1.124001309821325805e+02
1.136636196187073864e+02
1.149384549639576818e+02
1.162245146828320514e+02
1.175216785603411012e+02
1.188298284997932228e+02
1.201488485170255416e+02
1.214786247310116920e+02
1.228190453512052187e+02
1.241700006619503824e+02
1.255313830042714898e+02
1.269030867553279904e+02
1.282850083058043538e+02
1.296770460354805437e+02
1.310791002872127251e+02
1.324910733395352054e+02
1.339128693780778576e+02
1.353443944659778140e+02
1.367855565134489382e+02
1.382362652466598547e+02
1.396964321760567884e+02
1.411659705642576625e+02
1.426447953936299768e+02
1.441328233336566882e+02
1.456299727081834305e+02
1.471361634626324815e+02
1.486513171312588213e+02
1.501753568045168379e+02
1.517082070966008303e+02
1.532497941132112658e+02
1.548000454195984901e+02
1.563588900089245612e+02
1.579262582709828280e+02
1.595020819613080505e+02
1.610862941707051732e+02
1.626788292952230393e+02
1.642796230065933116e+02
1.658886122231534728e+02
1.675057350812679147e+02
1.691309309072603355e+02
1.707641401898660547e+02
1.724053045532137389e+02
1.740543667303395239e+02
1.757112705372387893e+02
1.773759608474571223e+02
1.790483835672208670e+02
1.807284856111065778e+02
1.824162148782463646e+02
1.841115202290677360e+02
1.858143514625622856e+02
1.875246592940787309e+02
1.892423953336350735e+02
1.909675120647434881e+02
1.926999628237396678e+02
1.944397017796120508e+02
1.961866839143204686e+02
1.979408650035974233e+02
1.997022015982235814e+02
2.014706510057681612e+02
2.032461712727865120e+02
2.050287211674645960e+02
2.068182601627020460e+02
2.086147484196247319e+02
2.104181467715166605e+02
2.122284167081637634e+02
2.140455203605981183e+02
2.158694204862350716e+02
2.177000804543932588e+02
2.195374642321895919e+02
2.213815363707977042e+02
2.232322619920644513e+02
2.250896067754722765e+02
2.269535369454415275e+02
2.288240192589617266e+02
2.307010209935460807e+02
2.325845099354978629e+02
2.344744543684837765e+02
2.363708230624031614e+02
2.382735852625482380e+02
2.401827106790452717e+02
2.420981694765702912e+02
2.440199322643329367e+02
2.459479700863180369e+02
2.478822544117830944e+02
2.498227571259988053e+02
2.517694505212312777e+02
2.537223072879556582e+02
2.556813005062973332e+02
2.576464036376917193e+02
2.596175905167610267e+02
2.615948353433961984e+02
2.635781126750441103e+02
2.655673974191897173e+02
2.675626648260316074e+02
2.695638904813416730e+02
2.715710502995082720e+02
2.735841205167535009e+02
2.756030776845225319e+02
2.776278986630395593e+02
2.796585606150243279e+02
2.816950409995684481e+02
