# rs_dv
inf
1.724662963472823440e+00
8.670070753157753662e-01
5.811962266762992213e-01
4.383461680390294268e-01
3.526800150055384164e-01
2.956054459287564273e-01
2.548685873051164674e-01
2.243424851269739118e-01
2.006232619960604535e-01
1.816685799586167105e-01
1.661787599610386745e-01
1.532873415594495359e-01
1.423944612041853075e-01
1.330716398086084773e-01
1.250046552670336097e-01
1.179578377545182216e-01
1.117509666614832226e-01
1.062438685262181021e-01
1.013258787546791745e-01
9.690846480146318720e-02
9.291995699123786756e-02
8.930171636762998522e-02
8.600530221342703174e-02
8.299034767146677705e-02
8.022294519830619475e-02
7.767440458836906425e-02
7.532028697666352801e-02
7.313964582591389596e-02
7.111442493687471222e-02
6.922897684362867843e-02
6.746967441072060367e-02
6.582459524478602442e-02
6.428326347573302957e-02
6.283643709664588073e-02
6.147593175120009273e-02
6.019447388208754024e-02
5.898557768616206898e-02
5.784344149132806395e-02
5.676286006966804742e-02
5.573915009839011669e-02
5.476808652424473151e-02
5.384584801453926040e-02
5.296897001588529025e-02
5.213430388865585019e-02
5.133898305634977677e-02
5.058039050780323287e-02
4.985613339091665014e-02
4.916401951655989533e-02
4.850203664594246455e-02
4.786833461674433465e-02
4.726120945221750497e-02
4.667908921892606477e-02
4.612052160068726148e-02
4.558416276056794642e-02
4.506876759967459040e-02
4.457318072372921935e-02
4.409632868846360965e-02
4.363721287218558231e-02
4.319490317237668908e-02
4.276853219920941779e-02
4.235729017072201175e-02
4.196042023787945052e-02
4.157721423675832945e-02
4.120700898953502667e-02
4.084918265139660803e-02
4.050315167995167248e-02
4.016836793359886831e-02
3.984431604454281850e-02
3.953051106737299342e-02
3.922649623706947475e-02
3.893184100746225479e-02
3.864613920872921743e-02
3.836900736534324535e-02
3.810008315063594109e-02
3.783902393869428837e-02
3.758550560146924763e-02
3.733922114256670033e-02
3.709987968976597578e-02
3.686720543950201129e-02
3.664093670533926511e-02
3.642082503716624620e-02
3.620663440507290026e-02
3.599814043215116693e-02
3.579512973311635426e-02
3.559739919965363569e-02
3.540475543464475378e-02
3.521701417689392100e-02
3.503399977489694839e-02
3.485554469628582980e-02
3.468148907017128829e-02
3.451168025984838877e-02
3.434597246355181738e-02
3.418422634114542946e-02
3.402630864222259965e-02
3.387209196940395989e-02
3.372145433624210847e-02
3.357427897028920916e-02
3.343045402085408069e-02
3.328987230586012702e-02
3.315243107403034739e-02
3.301803178133327216e-02
3.288657988070766564e-02
3.275798462415990819e-02
3.263215887639794172e-02
3.250901893922922281e-02
3.238848438600850504e-02
3.227047789855590210e-02
3.215492514745459801e-02
3.204175461134089326e-02
3.193089747311250726e-02
3.182228748871106239e-02
3.171586088217673294e-02
3.161155618470824769e-02
3.150931420296147062e-02
3.140907787091425096e-02
3.131079215743747673e-02
3.121440401630571140e-02
3.111986224186615024e-02
3.102711742803832343e-02
3.093612188190593762e-02
3.084682955106454738e-02
3.075919595460004097e-02
3.067317811748931575e-02
3.058873450822847603e-02
3.050582497635006066e-02
3.042441070859544169e-02
3.034445415623412967e-02
3.026591899651955367e-02
3.018877008077961582e-02
3.011297338795706352e-02
3.003849598031780102e-02
2.996530596121067119e-02
2.989337243476961406e-02
2.982266546745553776e-02
2.975315605134120148e-02
2.968481606904863415e-02
2.961761825124986647e-02
2.955153618067699051e-02
2.948654420748407501e-02
2.942261745601978951e-02
2.935973178782932957e-02
2.929786377487420337e-02
2.923699067390024553e-02
2.917709040189719535e-02
2.911814151259630931e-02
2.906012317395559319e-02
2.900301514658494215e-02
2.894679776306591582e-02
2.889145190812375183e-02
