# sigma_8
8.382562741982667598e-01
8.302918887560811756e-01
8.223662924984169731e-01
8.144836570253680685e-01
8.066478683323337062e-01
7.988626087538234222e-01
7.911312451519656452e-01
7.834569894059366657e-01
7.758427465031988435e-01
7.682912192489907977e-01
7.608048904573194715e-01
7.533860153233367107e-01
7.460366564474881779e-01
7.387586555262179999e-01
7.315536757125200573e-01
7.244232101422474202e-01
7.173685456237469671e-01
7.103908230028498361e-01
7.034910029591423530e-01
6.966699254459119972e-01
6.899282550877952058e-01
6.832665326502934677e-01
6.766851785930098062e-01
6.701844937982517347e-01
6.637646309153747426e-01
6.574256886046122572e-01
6.511676332270979195e-01
6.449903449527432109e-01
6.388936224265873154e-01
6.328771876520513651e-01
6.269406779708958100e-01
6.210836627790562448e-01
6.153056720144360892e-01
6.096061550993489009e-01
6.039845054681092229e-01
5.984400942651170174e-01
5.929722286796519359e-01
5.875801804998341815e-01
5.822631941001830125e-01
5.770204696777420095e-01
5.718511984295667760e-01
5.667545351428237010e-01
5.617296197133979652e-01
5.567755538487957345e-01
5.518914790636261225e-01
5.470764263993720400e-01
5.423294997159723296e-01
5.376497658112167066e-01
5.330362957839066551e-01
5.284881375068801734e-01
5.240043534323272079e-01
5.195839992074841041e-01
5.152261212260136336e-01
5.109297785452663332e-01
5.066940297598978571e-01
5.025179347951251874e-01
4.984005641148699928e-01
4.943409864239005080e-01
4.903382824050903088e-01
4.863915349208083327e-01
4.824998473964279277e-01
4.786623122909617889e-01
4.748780522425541384e-01
4.711461805263031377e-01
4.674658347420922455e-01
4.638361562591843401e-01
4.602563001488941263e-01
4.567254296686650838e-01
4.532427194006911075e-01
4.498073621870737338e-01
4.464185507174505685e-01
4.430755013924205232e-01
4.397774381839417157e-01
4.365235925768500280e-01
4.333132164499238215e-01
4.301455661725183122e-01
4.270199078084991884e-01
4.239355333672658044e-01
4.208917409340905413e-01
4.178878337898674356e-01
4.149231308621123548e-01
4.119969640053606219e-01
4.091086695143746343e-01
4.062576231503956525e-01
4.034431686850968313e-01
4.006647003807021212e-01
3.979215929443015720e-01
3.952132627610660531e-01
3.925391100664805122e-01
3.898985570850281301e-01
3.872910408378500424e-01
3.847160105873101421e-01
3.821729104230043861e-01
3.796612066532148999e-01
3.771803801588395344e-01
3.747299033002451374e-01
3.723092819517160312e-01
3.699180155922316970e-01
3.675556195126677417e-01
3.652216152349565537e-01
3.629155310652875110e-01
3.606369120993334620e-01
3.583853033847969050e-01
3.561602699264415639e-01
3.539613700487470038e-01
3.517881869474908663e-01
3.496402958206535350e-01
3.475172908956750684e-01
3.454187743456761384e-01
3.433443511603820331e-01
3.412936292122448756e-01
3.392662395145175092e-01
3.372618050198998296e-01
3.352799608746679927e-01
3.333203542733031433e-01
3.313826346619737628e-01
3.294664549245098772e-01
3.275714835159456717e-01
3.256973825455091176e-01
3.238438314671251983e-01
3.220105123824155702e-01
3.201971135461825213e-01
3.184033272295601624e-01
3.166288547846038970e-01
3.148733959557311057e-01
3.131366676240064928e-01
3.114183848137062061e-01
3.097182679464836608e-01
3.080360410455130205e-01
3.063714433715343244e-01
3.047242028606660380e-01
3.030940644540496276e-01
3.014807803230503125e-01
2.998840922071679960e-01
2.983037621264076344e-01
2.967395476866933057e-01
2.951912166982443297e-01
2.936585334788007207e-01
2.921412716173547031e-01
2.906392116951385107e-01
2.891521327760000482e-01
2.876798208528439926e-01
2.862220651927847581e-01
2.847786547949476277e-01
2.833493931758974127e-01
2.819340740203042373e-01
2.805325058610427247e-01
2.791444959967201433e-01
2.777698520932351256e-01
2.764083881788549912e-01
