# bin_2_3
-1.943998536427224197e-10
-1.975494085010049437e-10
-2.011930299076528163e-10
-2.053475897065969545e-10
-2.100785406650425080e-10
-2.154194162355829673e-10
-2.214513615256166164e-10
-2.282436159201197096e-10
-2.357867561406026441e-10
-2.442266406139102042e-10
-2.534770710839915662e-10
-2.636505227451778489e-10
-2.746413787600456017e-10
-2.864055183603247414e-10
-2.988155536947596144e-10
-3.116464748719889068e-10
-3.247167427919226439e-10
-3.377285927549318092e-10
-3.505606903998707920e-10
-3.629070712029473281e-10
-3.741344492925985537e-10
-3.835335641362478478e-10
-3.907007253531564687e-10
-3.954667933452900378e-10
-3.972832399792025143e-10
-3.956955943537598322e-10
-3.904991617060772052e-10
-3.818754686169894936e-10
-3.694889566735311677e-10
-3.534636587130852821e-10
-3.339519187654545372e-10
-3.111830946073820712e-10
-2.859903414329089761e-10
-2.591694224471614162e-10
-2.315854214625192657e-10
-2.038223671382089329e-10
-1.762541869521058860e-10
-1.492723295289584648e-10
-1.237236807401433681e-10
-1.009709600320887397e-10
-8.189996166557054257e-11
-6.649303374416288651e-11
-5.453033727874009684e-11
-4.525052606511486816e-11
-3.741583381952236465e-11
-3.009552808613346573e-11
-2.365426233272988767e-11
-1.877694165462305015e-11
-1.521755644306798413e-11
-1.233981293306594213e-11
-1.000185711124473555e-11
-8.133062361407280105e-12
-6.674281269365448464e-12
-5.490716831164794179e-12
-4.533313587642303184e-12
-3.750036742741823931e-12
-3.103504254543751454e-12
-2.564849709754206831e-12
-2.113672718667003223e-12
-1.734345431239446949e-12
-1.415078657354816128e-12
-1.146772578385395431e-12
-9.221582678193773730e-13
-7.352237909590382288e-13
-5.808193005551704095e-13
-4.544190743017128652e-13
-3.519827081865877152e-13
-2.698755467378160650e-13
-2.048295427101750372e-13
-1.539234155350170394e-13
-1.145726673063743816e-13
-8.452341010077824970e-14
-6.184496313143813688e-14
-4.491689894824653657e-14
-3.240815069672081815e-14
-2.324853080118105551e-14
-1.659490927831885047e-14
-1.179533356732262666e-14
-8.353855941348439750e-15
-5.898738402963147309e-15
-4.154787107002066993e-15
-2.920485015067776920e-15
-2.049453101754948521e-15
-1.436317943062965273e-15
-1.005576142317765999e-15
-7.035007075735574965e-16
-4.919378739697173365e-16
-3.439461218312745799e-16
-2.405393216867714610e-16
-1.683742699045422176e-16
-1.180929951379200922e-16
-8.310175446655076086e-17
-5.879485503443328877e-17
-4.194555211534402293e-17
-3.030063126549778661e-17
-2.231191636941261086e-17
-1.689647691143713750e-17
-1.325742952644400140e-17
-1.083596252107065406e-17
-9.248983046819721788e-18
