# bin_2_2
-8.573530128162955343e-10
-8.720146434037467475e-10
-8.886945295652723087e-10
-9.076555574282693344e-10
-9.294143312247810563e-10
-9.540538043500102860e-10
-9.818877546047638343e-10
-1.013050057000933429e-09
-1.048034929542526717e-09
-1.087060127215857221e-09
-1.129894180428384351e-09
-1.177485460006030638e-09
-1.229102932583183980e-09
-1.285133038394117126e-09
-1.345128223145061889e-09
-1.408337535308638249e-09
-1.473817607291266686e-09
-1.539934223743605065e-09
-1.605149200711842826e-09
-1.667389007124844168e-09
-1.725565683027317732e-09
-1.778364481563141556e-09
-1.821930603504893626e-09
-1.851886354582446360e-09
-1.866930359887829589e-09
-1.866421849690907858e-09
-1.847660084361373216e-09
-1.808289107539197786e-09
-1.746433417300054430e-09
-1.661789867876920962e-09
-1.551443677984065127e-09
-1.418160218296775499e-09
-1.266621777649535461e-09
-1.105082011585299433e-09
-9.430020965608965124e-10
-7.891994582235701786e-10
-6.508494531874220090e-10
-5.322059847935146960e-10
-4.348537014240221785e-10
-3.585955122309781162e-10
-2.981168030100185497e-10
-2.450737172350676245e-10
-1.972259041356009209e-10
-1.561970148541201622e-10
-1.241060121878352657e-10
-9.962293571548307536e-11
-8.033266976617449613e-11
-6.513454853673351188e-11
-5.306104416633294517e-11
-4.355672534043604171e-11
-3.602202585660432004e-11
-2.996957684537200264e-11
-2.504244376249368611e-11
-2.097956330072179405e-11
-1.758524676784328279e-11
-1.471605566341112260e-11
-1.227041380356252936e-11
-1.017538044160290637e-11
-8.378588176164715037e-12
-6.841165980126402691e-12
-5.532848562056216162e-12
-4.428505690301705985e-12
-3.505867701782704446e-12
-2.744203906830264365e-12
-2.123673381989905899e-12
-1.625138725623959493e-12
-1.230292090697430302e-12
-9.219552086395118359e-13
-6.844258724599482450e-13
-5.037654696934559258e-13
-3.679628025266037233e-13
-2.669569493420264537e-13
-1.925373636341009429e-13
-1.381582309640982315e-13
-9.870712373753593319e-14
-7.026184075150362579e-14
-4.985921491840637256e-14
-3.528976589648925489e-14
-2.492429116373976547e-14
-1.757251561262432983e-14
-1.237136112900008540e-14
-8.699431580675665627e-15
-6.111717203871392827e-15
-4.290767488562174549e-15
-3.010742789474051821e-15
-2.112060359084049444e-15
-1.481495681265881251e-15
-1.039502166413897720e-15
-7.299202288158791492e-16
-5.132954714239060683e-16
-3.619142668486731170e-16
-2.562741449446593015e-16
-1.826771518158852905e-16
-1.315250280275507278e-16
-9.609175325667245112e-17
-7.184330822540020916e-17
-5.561345222751328083e-17
-4.499135711221925732e-17
-3.830074896480813294e-17
-3.439054695783037938e-17
