# bin_1_3
-1.379221485934299434e-10
-1.398443765985583324e-10
-1.420664303391985685e-10
-1.445817205798722896e-10
-1.474252868964334476e-10
-1.506007407786559646e-10
-1.541514221310944906e-10
-1.581077311035992271e-10
-1.624293652049824031e-10
-1.672100772404570058e-10
-1.723402757486348567e-10
-1.778794043585947919e-10
-1.837029534057517762e-10
-1.897418760196044449e-10
-1.958552612396375134e-10
-2.018289677432083588e-10
-2.074930660941554341e-10
-2.126176716129713536e-10
-2.171485792251435263e-10
-2.209121308240557485e-10
-2.234513849622203409e-10
-2.242605533946946179e-10
-2.231902311619682886e-10
-2.203575331978452848e-10
-2.155541153418921506e-10
-2.086838570899784779e-10
-1.998923895010257237e-10
-1.896997398643644873e-10
-1.781051275939014666e-10
-1.654520984155864391e-10
-1.520133988511437350e-10
-1.380014021728180988e-10
-1.240155567112394838e-10
-1.104387844101572656e-10
-9.760871065392744383e-11
-8.554137460163940218e-11
-7.406578548891934319e-11
-6.300668278930533852e-11
-5.248335681001837376e-11
-4.299054051241259814e-11
-3.486865164328733906e-11
-2.813393913731469890e-11
-2.287882655449951901e-11
-1.892924612360618747e-11
-1.580566392690298571e-11
-1.297671431617185273e-11
-1.035955084716236772e-11
-8.215488212193117146e-12
-6.648996620767735356e-12
-5.451748108805502999e-12
-4.444867045333682450e-12
-3.611543318657702996e-12
-2.964217713287866065e-12
-2.432618767642071627e-12
-1.998192882688934230e-12
-1.642113055431177329e-12
-1.348082701450562775e-12
-1.103980390970874012e-12
-9.010580970584481132e-13
-7.321925070896309995e-13
-5.918046579190938900e-13
-4.754129803145302121e-13
-3.793181492399573178e-13
-3.004157788602419741e-13
-2.360530457571297033e-13
-1.839388309519794861e-13
-1.420882350006619357e-13
-1.087794798574585366e-13
-8.252315338494906885e-14
-6.203650688056181188e-14
-4.622123085756340442e-14
-3.414425276114698926e-14
-2.502107335607984046e-14
-1.820082145655058374e-14
-1.315195477305454455e-14
-9.447876018333639341e-15
-6.752256885854816345e-15
-4.804508659601119476e-15
-3.405802965306850427e-15
-2.406688910349659701e-15
-1.696215564850234747e-15
-1.192949658668288062e-15
-8.375460415583697655e-16
-5.872477731680814037e-16
-4.113369571434926548e-16
-2.879538586182828795e-16
-2.015330910847937206e-16
-1.410885289096056265e-16
-9.887398522448050465e-17
-6.944431011458650932e-17
-4.898263510404847608e-17
-3.478520938037205055e-17
-2.496587505865787157e-17
-1.819816348572864733e-17
-1.355466119138048880e-17
-1.040250520268656889e-17
-8.296055177996926555e-18
-6.899301808552584644e-18
-5.978892706245722708e-18
-5.377375388262508906e-18
