# bin_3_3
-2.574121192436667626e-10
-2.620319856560021256e-10
-2.673823911406228777e-10
-2.735138569018532798e-10
-2.805319279706367824e-10
-2.885135331929143497e-10
-2.975907783588175856e-10
-3.078885280570450498e-10
-3.194536677875403564e-10
-3.325030100936141056e-10
-3.470123765104589469e-10
-3.631748662716705173e-10
-3.809533644508596689e-10
-4.003783760525190001e-10
-4.213937873760363325e-10
-4.438341036363664375e-10
-4.675748929476569103e-10
-4.923407971436922237e-10
-5.180231565247370896e-10
-5.442776962762831015e-10
-5.703856521466818489e-10
-5.955051539162780787e-10
-6.190254970659205680e-10
-6.404958928007355371e-10
-6.589820293929652140e-10
-6.735492635936486662e-10
-6.834191759696497026e-10
-6.880865771446175185e-10
-6.863923541219473565e-10
-6.777042771976584813e-10
-6.614253975125970106e-10
-6.369088344273893978e-10
-6.042563657587668608e-10
-5.638024136903601550e-10
-5.162940253059229512e-10
-4.626939906864320799e-10
-4.044146618606404027e-10
-3.437073422820232735e-10
-2.841275981230570247e-10
-2.302242586101564632e-10
-1.855278201589300754e-10
-1.510481376871437833e-10
-1.256950710178867670e-10
-1.061984344842988357e-10
-8.815907575661818846e-11
-6.956231154736964478e-11
-5.326234537317741707e-11
-4.217932154582057397e-11
-3.444506365752521093e-11
-2.747603419614726090e-11
-2.195432092212332900e-11
-1.781350650437386541e-11
-1.450605439331071205e-11
-1.189287182443529558e-11
-9.811234630217715387e-12
-8.129426904263554493e-12
-6.755334019525847908e-12
-5.618323699620907276e-12
-4.667400208004957375e-12
-3.865708390816656571e-12
-3.186377576504535929e-12
-2.609670439300726933e-12
-2.120833001787229611e-12
-1.708281535201147489e-12
-1.362486010102918537e-12
-1.075237170518344686e-12
-8.391733659670696491e-13
-6.475252020209390811e-13
-4.939923782651469917e-13
-3.727063589883502179e-13
-2.782495369757011173e-13
-2.057078444486445569e-13
-1.507306878427926759e-13
-1.095721835654290402e-13
-7.909760183856273462e-14
-5.675352486731116680e-14
-4.051023214902716408e-14
-2.878869236028108532e-14
-2.038305512222663842e-14
-1.438712435466798440e-14
-1.012900680534142518e-14
-7.116196418409704338e-15
-4.990939767231194309e-15
-3.495553383143661545e-15
-2.445501753528887691e-15
-1.709429085133947022e-15
-1.194152910623537113e-15
-8.338626091002742876e-16
-5.821966175975081299e-16
-4.065858831533674557e-16
-2.841826401461963700e-16
-1.989265544185552926e-16
-1.395937463105579006e-16
-9.834321315742325543e-17
-6.970674368032059148e-17
-4.990205125474952963e-17
-3.629179855724687601e-17
-2.698793130546304306e-17
-2.067052617927704154e-17
-1.643150736457994249e-17
