# bin_3_4
-3.261109989769238714e-10
-3.303166392635813944e-10
-3.352141847817201200e-10
-3.407334806045507036e-10
-3.469478333695189093e-10
-3.538912459079535782e-10
-3.615054636279197812e-10
-3.699541376338449834e-10
-3.792367459340031841e-10
-3.892627088667320931e-10
-4.002193446210226192e-10
-4.118749037358740271e-10
-4.243540083235736432e-10
-4.373263260472740852e-10
-4.507259578495798521e-10
-4.643161074410763942e-10
-4.776496193046062810e-10
-4.901669981657982833e-10
-5.015383895704582090e-10
-5.116995008040870191e-10
-5.210632213134883980e-10
-5.294438439825757556e-10
-5.354614520689472260e-10
-5.382849133167841318e-10
-5.388332464330259634e-10
-5.371178094630797186e-10
-5.321405752370180187e-10
-5.231771811776431800e-10
-5.104612299029074137e-10
-4.934095131463737215e-10
-4.704766782471100963e-10
-4.426494754507471093e-10
-4.095681822815031702e-10
-3.728232143850214191e-10
-3.332228253246549323e-10
-2.922840348784236114e-10
-2.509204385184549446e-10
-2.105182229972818091e-10
-1.731031127640700812e-10
-1.411365328595092136e-10
-1.155196583588313651e-10
-9.510869785491425862e-11
-7.862296027671975313e-11
-6.475455519982770283e-11
-5.244006997075257085e-11
-4.176827261478413405e-11
-3.312518796934596018e-11
-2.647558551203516419e-11
-2.128670565605327359e-11
-1.716491261385420988e-11
-1.395151007636310584e-11
-1.132981344610185011e-11
-9.303202852944488544e-12
-7.657650250811848623e-12
-6.335302014524016675e-12
-5.251737804449185137e-12
-4.357717871374904513e-12
-3.611714327369380346e-12
-2.985126523456931965e-12
-2.456332779576752244e-12
-2.009234952263581707e-12
-1.631693098872173020e-12
-1.314118458181713083e-12
-1.048655785688707596e-12
-8.285830310555668374e-13
-6.479433330177462283e-13
-5.013320391607757222e-13
-3.837853734300197088e-13
-2.907427924358311182e-13
-2.180509509753167836e-13
-1.619871992750833254e-13
-1.192831582330026241e-13
-8.713521662668272603e-14
-6.319535430592883095e-14
-4.554257881948662864e-14
-3.263961647665321017e-14
-2.328096105733457484e-14
-1.653832464082702289e-14
-1.170837712014227272e-14
-8.265324571873923240e-15
-5.820925254584495691e-15
-4.091445700620805762e-15
-2.871405302220340042e-15
-2.012704143844085853e-15
-1.409502477360836727e-15
-9.865317372155846430e-16
-6.903200023278978088e-16
-4.831286317135946936e-16
-3.383878049284336148e-16
-2.374162637408193379e-16
-1.670653330640169334e-16
-1.180859589972863972e-16
-8.402227577170218674e-17
-6.035940600044756725e-17
-4.394705680805662052e-17
-3.263157047245009090e-17
-2.492368419756092711e-17
-1.970006228845801143e-17
-1.619371588696013215e-17
-1.388930481537187950e-17
