# bin_1_1
-3.158932340670261607e-09
-3.207110099779005602e-09
-3.261684469681309756e-09
-3.322513246799214423e-09
-3.392127576589018922e-09
-3.469917996614040109e-09
-3.556566506908223674e-09
-3.652043479895847133e-09
-3.756610090295718831e-09
-3.870710792283157632e-09
-3.991164081232985987e-09
-4.121569859037714802e-09
-4.256064730707268026e-09
-4.395616086925501516e-09
-4.534849947682404423e-09
-4.669412028533376156e-09
-4.793522794942167614e-09
-4.898471594279366157e-09
-4.977685581885844576e-09
-5.021177244103496953e-09
-5.025356541348322594e-09
-4.985429119179661440e-09
-4.889206243384292549e-09
-4.725143950096262832e-09
-4.497223756230200982e-09
-4.217884726853778934e-09
-3.894362630232579316e-09
-3.536412800091119999e-09
-3.158813859176967288e-09
-2.781346775111745402e-09
-2.401803051067493805e-09
-2.034852380593884364e-09
-1.696373278132134708e-09
-1.403233859632197400e-09
-1.158459969670120599e-09
-9.523058767278249146e-10
-7.829342733923945616e-10
-6.423603859834780451e-10
-5.224797773964043452e-10
-4.214198610292814386e-10
-3.402845768072609581e-10
-2.746915112658107773e-10
-2.227121462059640277e-10
-1.815090321424049703e-10
-1.489762477413328591e-10
-1.232415294075982645e-10
-1.024581310111518951e-10
-8.568097759422069962e-11
-7.193258285965627430e-11
-6.050106726273664115e-11
-5.089531431487760548e-11
-4.272877339112890176e-11
-3.573547753741359326e-11
-2.972248065666728653e-11
-2.454893810468076257e-11
-2.011071404489710579e-11
-1.632476063873148489e-11
-1.312112023237073852e-11
-1.043705197962848929e-11
-8.213828737054179162e-12
-6.395102105054364433e-12
-4.926606781030626801e-12
-3.756584691999858507e-12
-2.836604705316701506e-12
-2.122436810908540619e-12
-1.574743933307329511e-12
-1.159463188968215912e-12
-8.478487329420526122e-13
-6.162178942632611974e-13
-4.454846792652215826e-13
-3.205694646461765529e-13
-2.297663460040355129e-13
-1.641277440837747872e-13
-1.169060080548326643e-13
-8.307119375128224699e-14
-5.891096254226856697e-14
-4.170838681830823086e-14
-2.948898564772605516e-14
-2.082672391595891270e-14
-1.469657316846585479e-14
-1.036366242815825554e-14
-7.304429368541032093e-15
-5.146907607933837098e-15
-3.626995535591881532e-15
-2.556159302026637933e-15
-1.803218577108393278e-15
-1.273369146170960059e-15
-9.014914517984033972e-16
-6.408004874923899482e-16
-4.593453338198324439e-16
-3.341861131256601018e-16
-2.484671157396144875e-16
-1.905929396529371638e-16
-1.522135772629615064e-16
-1.275056126363689069e-16
-1.122683720146655261e-16
-1.036608249825814992e-16
-9.918828225464562570e-17
-9.711292607566386491e-17
-9.625681729078601821e-17
