# bin_3_1
-4.879332801646349574e-09
-4.963003346325225890e-09
-5.059723789994084941e-09
-5.169800176971097499e-09
-5.294853119158593963e-09
-5.436302701582636773e-09
-5.594815219884250267e-09
-5.773060107696083403e-09
-5.971755705016155106e-09
-6.189563589872124022e-09
-6.430066175518840278e-09
-6.689550515218931798e-09
-6.970939478992839031e-09
-7.266875975141760139e-09
-7.576229534021675398e-09
-7.893020229488652761e-09
-8.208748128378038977e-09
-8.510767814662671045e-09
-8.789356675223961745e-09
-9.030432934077579212e-09
-9.223118581480110020e-09
-9.350978954998384001e-09
-9.390230941739431992e-09
-9.323302812420632144e-09
-9.147815960246048336e-09
-8.862325396157395043e-09
-8.465106273616843580e-09
-7.962089042633794376e-09
-7.372292611396997450e-09
-6.710078216117693127e-09
-5.983357879315237525e-09
-5.224732094758712589e-09
-4.468827472182067987e-09
-3.764405135252165359e-09
-3.132921415445529992e-09
-2.586988943893484767e-09
-2.129161358030700899e-09
-1.750885342596343611e-09
-1.434027883365055028e-09
-1.168700288882666304e-09
-9.499881881242543749e-10
-7.674539099080786418e-10
-6.169002160654250030e-10
-4.946974333716528887e-10
-3.991802572790205814e-10
-3.255984504206178929e-10
-2.668693516895610992e-10
-2.202111619013456516e-10
-1.827915893909682632e-10
-1.525390509543158735e-10
-1.278531629499846795e-10
-1.073301688162536206e-10
-9.010567137669956463e-11
-7.549097663850699342e-11
-6.299160481919399208e-11
-5.226459504229284525e-11
-4.305589504931328329e-11
-3.517402673371790553e-11
-2.846737917773176695e-11
-2.280806019378591043e-11
-1.808125833597685705e-11
-1.417931628247548492e-11
-1.099897873237517478e-11
-8.441021843387224723e-12
-6.411218082970332637e-12
-4.821887757460155424e-12
-3.593435552535370313e-12
-2.655491570974427531e-12
-1.947477389149616048e-12
-1.418569596663113276e-12
-1.027146986926789279e-12
-7.398701516428380929e-13
-5.305586431779692026e-13
-3.790115140147095020e-13
-2.698785939634702575e-13
-1.916491671326313239e-13
-1.357888243753723856e-13
-9.603029359964284762e-14
-6.780901902804865960e-14
-4.782154987135462429e-14
-3.369142249389075098e-14
-2.371724377614213857e-14
-1.668650510102330479e-14
-1.173523989673975244e-14
-8.251417860347543590e-15
-5.802345709350011834e-15
-4.081558668236627118e-15
-2.873155036996246478e-15
-2.025308277643920654e-15
-1.432458416168917029e-15
-1.019603116528626335e-15
-7.327036688418708240e-16
-5.344060890348484576e-16
-3.988785110044108437e-16
-3.076188324768067699e-16
-2.476560842861358348e-16
-2.101029922987696007e-16
-1.878243927980880891e-16
-1.756374409867586419e-16
-1.695308311325585683e-16
