# bin_1_4
-2.215733160024122575e-10
-2.237452710861458137e-10
-2.261636898558991871e-10
-2.288488515628968002e-10
-2.316593177739752096e-10
-2.348434521445565225e-10
-2.382175995900095222e-10
-2.417514177599106688e-10
-2.452917205786611748e-10
-2.490262551120744765e-10
-2.527797009311691965e-10
-2.563175216572225621e-10
-2.597548637726124678e-10
-2.628553471210621670e-10
-2.654419848191624129e-10
-2.673301007196748197e-10
-2.682645116700439414e-10
-2.677547514990940425e-10
-2.653343503506844552e-10
-2.608468073719550567e-10
-2.547000891104031272e-10
-2.477271650496247028e-10
-2.396746148554611929e-10
-2.293285128224152171e-10
-2.169559775148404870e-10
-2.041819869062029170e-10
-1.910859591314597140e-10
-1.773466749316531034e-10
-1.628444094002185268e-10
-1.488266971920523820e-10
-1.343968802601339089e-10
-1.196717217476287049e-10
-1.057523055755769072e-10
-9.249283811865172287e-11
-8.075965929015349525e-11
-7.010003646446421814e-11
-6.059338814575669301e-11
-5.168868587152683945e-11
-4.336195378619704028e-11
-3.607266760258114586e-11
-2.984319896579503692e-11
-2.435178744567619256e-11
-1.971183086888464740e-11
-1.602766932897403064e-11
-1.314942419831688125e-11
-1.091359677038317423e-11
-9.044859657397352720e-12
-7.352607491434420640e-12
-5.871137240306466281e-12
-4.739483598226709321e-12
-3.907328904938810532e-12
-3.184315207588089208e-12
-2.588154526814238738e-12
-2.114784679590348614e-12
-1.724101146026580728e-12
-1.404226491509720616e-12
-1.142386273539306488e-12
-9.261274046115595076e-13
-7.483577986385193740e-13
-6.022065518783639396e-13
-4.822286353717196956e-13
-3.840597563138832354e-13
-3.040799699833814100e-13
-2.392448731861208868e-13
-1.869910894693576665e-13
-1.451446535372204506e-13
-1.118608037396699025e-13
-8.557825317255355892e-14
-6.498103163249575083e-14
-4.896634811878146839e-14
-3.661639237634534207e-14
-2.717306050497770968e-14
-2.001503837402238422e-14
-1.463714971855340902e-14
-1.063217931393754721e-14
-7.675078783201417932e-15
-5.509321609672631265e-15
-3.934982951024052050e-15
-2.798303925844970033e-15
-1.982694921405156298e-15
-1.400399738447808770e-15
-9.865446166430221487e-16
-6.935433856790476281e-16
-4.869471851949379509e-16
-3.415289171554456702e-16
-2.395146327279574070e-16
-1.680566648044468270e-16
-1.181610841545211750e-16
-8.336127523259026860e-17
-5.916763172741768607e-17
-4.240497560513578006e-17
-3.081660522636638125e-17
-2.282656213128186977e-17
-1.733441783949369453e-17
-1.356910175863035555e-17
-1.102149616421994479e-17
-9.331524104798330676e-18
-8.216497861201948622e-18
-7.482915248485536068e-18
-7.007122550175298406e-18
