# bin_4_2
-1.230710008841622501e-09
-1.254099339373295086e-09
-1.280894787864290326e-09
-1.311568339269145499e-09
-1.346885220330758606e-09
-1.387180265917836922e-09
-1.433060545194337668e-09
-1.484971036452159665e-09
-1.543774090921786868e-09
-1.610065774895365273e-09
-1.683978780028247136e-09
-1.766944338429744844e-09
-1.858579881301455670e-09
-1.959734069826508740e-09
-2.070327005054920265e-09
-2.189902040658815904e-09
-2.317736776725911218e-09
-2.452271498911891791e-09
-2.591901067461893198e-09
-2.734093960726795914e-09
-2.877040230972283616e-09
-3.018386800313731997e-09
-3.152667678267211337e-09
-3.273295727623290547e-09
-3.376195803159485719e-09
-3.457269141118334839e-09
-3.509883885863109326e-09
-3.527191369094296165e-09
-3.502344269766157200e-09
-3.429684962704662909e-09
-3.300909720480616257e-09
-3.114553505223781269e-09
-2.873247208290029034e-09
-2.586489347668074071e-09
-2.269068337753525471e-09
-1.939713020088614542e-09
-1.619313651650224691e-09
-1.327624684481453602e-09
-1.080199389356886331e-09
-8.851520952928652756e-10
-7.356900683737917342e-10
-6.128693624717242552e-10
-5.029523910997355926e-10
-4.027403336933040170e-10
-3.176603968725694740e-10
-2.508047146978079328e-10
-2.000292574686350245e-10
-1.611273316847942470e-10
-1.298265778465221509e-10
-1.050501026932876357e-10
-8.589480345162288218e-11
-7.075796036161925434e-11
-5.866837636127569069e-11
-4.892116425702555752e-11
-4.094036546889242286e-11
-3.430984955169641920e-11
-2.872933173235749216e-11
-2.398403540518445206e-11
-1.992269543118590068e-11
-1.643761078638688906e-11
-1.345056532075563312e-11
-1.090230185345458893e-11
-8.744833642616245464e-12
-6.936439189313439823e-12
-5.438655008095266994e-12
-4.214625220149067411e-12
-3.228519840458247849e-12
-2.445688324401877831e-12
-1.833249314744334565e-12
-1.360831838939563280e-12
-1.001231076677586482e-12
-7.308298063063414972e-13
-5.297320839504202653e-13
-3.816333265586802596e-13
-2.734976570477960168e-13
-1.951256256741269268e-13
-1.386850727528144970e-13
-9.825741949769669336e-14
-6.943083871898976677e-14
-4.895418337812343561e-14
-3.445438277060918272e-14
-2.421354497813620024e-14
-1.699630642376261026e-14
-1.191898546942819818e-14
-8.352099578662056652e-15
-5.849526470592660213e-15
-4.095297868924968456e-15
-2.866814990413539449e-15
-2.007161174392883423e-15
-1.406030913520179501e-15
-9.859673414406134575e-16
-6.926129531700524263e-16
-4.878933439904814025e-16
-3.451780820320764258e-16
-2.458415041149560874e-16
-1.770926955015706241e-16
-1.300239323740260601e-16
-9.818738663771420306e-17
-7.712374612393429562e-17
-6.381915055758415634e-17
