# bin_4_1
-5.087626859269797018e-09
-5.176782914374229433e-09
-5.278606414315743467e-09
-5.393681756966896108e-09
-5.525795170667327004e-09
-5.675136694846562307e-09
-5.843470477694977216e-09
-6.031771498291448321e-09
-6.241444473109475491e-09
-6.474154589684072011e-09
-6.726966717814178802e-09
-7.005451169720432887e-09
-7.302938325343931664e-09
-7.621607741070196735e-09
-7.954893558423860858e-09
-8.297141797064650652e-09
-8.640340178031857261e-09
-8.972006943464433343e-09
-9.282191454919996482e-09
-9.552982250654316122e-09
-9.773819429308442481e-09
-9.930551842870412809e-09
-1.000021078311021224e-08
-9.959495900076587954e-09
-9.801159473926101533e-09
-9.527283835813472190e-09
-9.136140320598218289e-09
-8.630906278425852031e-09
-8.023743135247036509e-09
-7.336973770212589749e-09
-6.574987634583825343e-09
-5.768633662473770405e-09
-4.958847126112727917e-09
-4.193593480369055713e-09
-3.503151601271198694e-09
-2.897591504873295063e-09
-2.387061818591020318e-09
-1.962878627824079940e-09
-1.607711837066217998e-09
-1.310843641214336373e-09
-1.067061929605708592e-09
-8.637284840085520166e-10
-6.951190815231634635e-10
-5.570899852794343514e-10
-4.484953953693322789e-10
-3.648028237586459629e-10
-2.983275952691873510e-10
-2.457363102712055089e-10
-2.035316743034452276e-10
-1.694801972218800290e-10
-1.418541269543893557e-10
-1.189626314851306199e-10
-9.982401780244058037e-11
-8.364340388722914423e-11
-6.983667420221298030e-11
-5.800674946361746515e-11
-4.785802934227678731e-11
-3.916959350493480455e-11
-3.176915620805649495e-11
-2.551394559749052207e-11
-2.027785868295791596e-11
-1.594406948231180773e-11
-1.240126170309547321e-11
-9.542678911325368053e-12
-7.266811357180606853e-12
-5.478872821868478048e-12
-4.092396606543994116e-12
-3.030501716821922816e-12
-2.226600742787522900e-12
-1.624483906222786640e-12
-1.177842735827634998e-12
-8.493750595975703893e-13
-6.096390784599989477e-13
-4.358145590438100846e-13
-3.104927157995049435e-13
-2.205751814221295256e-13
-1.563228962107280152e-13
-1.105671664495863653e-13
-7.807652752062460181e-14
-5.506031730600043950e-14
-3.878704561340563069e-14
-2.729975463121405641e-14
-1.920215598732971643e-14
-1.350082847806202592e-14
-9.489425393538254249e-15
-6.670316835334036509e-15
-4.689507473821083283e-15
-3.299305253716335981e-15
-2.324218617535666749e-15
-1.642023318241516630e-15
-1.166307956113240496e-15
-8.355139908570774683e-16
-6.068503690263125569e-16
-4.500660767310534454e-16
-3.440357062310920881e-16
-2.738862714409588988e-16
-2.295347583443252577e-16
-2.028359408528500230e-16
-1.878346350733068875e-16
-1.800632155908303657e-16
