# bin_4_3
-3.051879147303861920e-10
-3.109725757482409121e-10
-3.176774256290181636e-10
-3.253821269398559676e-10
-3.342260123003114279e-10
-3.443240891702552588e-10
-3.558522563317468087e-10
-3.689846175932679179e-10
-3.838222071496152206e-10
-4.006446626903681851e-10
-4.194939517604974765e-10
-4.406395908930950414e-10
-4.641237643206738550e-10
-4.900634747793079361e-10
-5.184935707452339137e-10
-5.493409648402278363e-10
-5.825760278408037928e-10
-6.180099485922250415e-10
-6.556157194690025902e-10
-6.951106618357007582e-10
-7.358129600648446715e-10
-7.768851494321039038e-10
-8.176699512296545572e-10
-8.576064535722673677e-10
-8.955652927867610901e-10
-9.303205191290924378e-10
-9.606867813745124228e-10
-9.856030561126098813e-10
-1.003143553750908810e-09
-1.011793935275643806e-09
-1.010102780810154582e-09
-9.963617000264714179e-10
-9.693423788319046925e-10
-9.280184010772345958e-10
-8.719109817943591275e-10
-8.010694779518229091e-10
-7.166411132164476620e-10
-6.216985900458465464e-10
-5.221071805668224334e-10
-4.262779793484360328e-10
-3.425048773882377351e-10
-2.760402402822204221e-10
-2.278501035840317067e-10
-1.934362043390854626e-10
-1.639054592640079032e-10
-1.323563995603567988e-10
-1.013562680927023287e-10
-7.819256125880373546e-11
-6.309517252295443877e-11
-5.068920793906839934e-11
-4.006811123658837518e-11
-3.201595315258323468e-11
-2.588598664577882194e-11
-2.099804858498949570e-11
-1.718438796829148737e-11
-1.414840694025522971e-11
-1.171286103173063013e-11
-9.727497090755693868e-12
-8.089495571934029294e-12
-6.722024339349455233e-12
-5.569870935137467269e-12
-4.593307543747957433e-12
-3.763593212322727639e-12
-3.059443113375945411e-12
-2.464345120803765773e-12
-1.964876321348415531e-12
-1.549533378358503629e-12
-1.207997340797921826e-12
-9.307245870075206942e-13
-7.087463564789827191e-13
-5.336188487484291283e-13
-3.974785962840481012e-13
-2.931545003588720771e-13
-2.142845271163564239e-13
-1.553924029035212107e-13
-1.119037753658818324e-13
-8.010277706413050973e-14
-5.704533833626905125e-14
-4.044894178109098692e-14
-2.857682384229525754e-14
-2.012827136289092016e-14
-1.414212555532056795e-14
-9.915892972371334563e-15
-6.941034091925053278e-15
-4.852095637586011569e-15
-3.388196437468930678e-15
-2.363975915626449979e-15
-1.648344006405916728e-15
-1.148890206540433323e-15
-8.006765915523051547e-16
-5.581644778751436557e-16
-3.893945528861355028e-16
-2.720129494645757651e-16
-1.904161883792290802e-16
-1.337386851037809334e-16
-9.444900781382725116e-17
-6.730511406319155519e-17
-4.860670141158046113e-17
-3.577435455240347639e-17
-2.702694910026011785e-17
