# bin_1_2
-5.859566770473403473e-10
-5.946251980958048595e-10
-6.043849427461449406e-10
-6.153644428635690635e-10
-6.279088153541098687e-10
-6.419581485467014151e-10
-6.576487250561244171e-10
-6.749452638208180865e-10
-6.941157057716957914e-10
-7.151749398791011485e-10
-7.377516581342308624e-10
-7.624892865371422257e-10
-7.886062814427276882e-10
-8.162657445967421960e-10
-8.449566717900130547e-10
-8.739612824818599546e-10
-9.024370160189355312e-10
-9.289955172025153861e-10
-9.524359907563741535e-10
-9.714117738245054250e-10
-9.856827195811827091e-10
-9.949293846592680170e-10
-9.967032316595859016e-10
-9.883341688776145540e-10
-9.703480081323344246e-10
-9.441115520288228255e-10
-9.090220687630938223e-10
-8.649502173997357663e-10
-8.122087152040434275e-10
-7.523854761849216786e-10
-6.839246478163563882e-10
-6.094537741953611587e-10
-5.317641993790631491e-10
-4.551460895676092013e-10
-3.835311661730181960e-10
-3.193044449388683790e-10
-2.636450395629383873e-10
-2.164059806639156436e-10
-1.769463966935017704e-10
-1.452973364019191677e-10
-1.198123654533957232e-10
-9.754778077034140060e-11
-7.838807423455910842e-11
-6.266659560789215714e-11
-5.043024857415546748e-11
-4.083445510059050928e-11
-3.316332132227696873e-11
-2.713344026751636826e-11
-2.231851665189678834e-11
-1.845505040856326373e-11
-1.534101616130842391e-11
-1.280150278509208928e-11
-1.069946327531188143e-11
-8.943026731546675964e-12
-7.461833389749037704e-12
-6.203460508158642516e-12
-5.130535949140878576e-12
-4.214961912856297889e-12
-3.435563644443734567e-12
-2.775489332596102493e-12
-2.220643084681029746e-12
-1.758625341210039024e-12
-1.378089532638338819e-12
-1.068416768447415432e-12
-8.196094988491425560e-13
-6.223129021113883674e-13
-4.679029404787061986e-13
-3.485930785683841985e-13
-2.575205633003454769e-13
-1.887883593357938487e-13
-1.374543905018546678e-13
-9.947383578494169450e-14
-7.160756529954409222e-14
-5.131217432533335382e-14
-3.662511081509491723e-14
-2.605502627121333351e-14
-1.848357741290005952e-14
-1.308162900643774053e-14
-9.240514424276093841e-15
-6.516965386913141437e-15
-4.590171995431199885e-15
-3.229660455801411704e-15
-2.270636783149732999e-15
-1.595592044088310085e-15
-1.120816878969023589e-15
-7.874114327514844666e-16
-5.533373287900800722e-16
-3.892415180180344184e-16
-2.743310918584817588e-16
-1.940181363530298791e-16
-1.380424150873575739e-16
-9.914140235126109095e-17
-7.219317761456916877e-17
-5.360313511821111565e-17
-4.085018722052769334e-17
-3.227427179059611691e-17
-2.670250776801868771e-17
-2.318255117531940527e-17
-2.105465947323698155e-17
-1.986689661091441602e-17
