# bin_3_2
-1.123267875845945757e-09
-1.143922541926117828e-09
-1.167846303977674903e-09
-1.195242499936273665e-09
-1.226576702191295018e-09
-1.262305183453970600e-09
-1.302756011825960223e-09
-1.348725969949689213e-09
-1.400656804119706674e-09
-1.458730990197415600e-09
-1.523919590120171228e-09
-1.596180385103567895e-09
-1.676393052417144150e-09
-1.763975916197772461e-09
-1.859262439955168425e-09
-1.961804808256009734e-09
-2.070595071436002113e-09
-2.183901288737969747e-09
-2.300279524696925671e-09
-2.417707755369737271e-09
-2.534562520831114311e-09
-2.647906049024138007e-09
-2.752181476680644018e-09
-2.842360539708006921e-09
-2.915820454015812264e-09
-2.968373322501064190e-09
-2.994507482175189475e-09
-2.988843533663245855e-09
-2.947137913234103123e-09
-2.863960545134157064e-09
-2.733522141484616222e-09
-2.556399018869274047e-09
-2.335745830987836209e-09
-2.082111014134453957e-09
-1.808767773545426534e-09
-1.532828385313296013e-09
-1.270938785871080972e-09
-1.037899159596450720e-09
-8.441507200310698630e-10
-6.936242583614724416e-10
-5.782264313220104953e-10
-4.811390248022871396e-10
-3.924028881088449971e-10
-3.117998402096824367e-10
-2.452681709038888837e-10
-1.945073262015121088e-10
-1.560097341312353846e-10
-1.259367056141770145e-10
-1.016576811744753843e-10
-8.266390722417879517e-11
-6.788735053076250104e-11
-5.613080133192006441e-11
-4.670600893265950043e-11
-3.904668170203229628e-11
-3.273248422759100261e-11
-2.745087204147012050e-11
-2.298022591456824898e-11
-1.916277965602113034e-11
-1.588716285842952455e-11
-1.307376568679200557e-11
-1.066395315739940464e-11
-8.612167186260457774e-12
-6.880346725756294696e-12
-5.434454450665417806e-12
-4.242448723044017172e-12
-3.273292133615644361e-12
-2.496743866175612928e-12
-1.883672483672848575e-12
-1.406650400156454365e-12
-1.040599675062585062e-12
-7.633069539936523950e-13
-5.557057806917213957e-13
-4.019071240512336393e-13
-2.890189174578851629e-13
-2.068246980555438564e-13
-1.473926790970363482e-13
-1.046724776765648887e-13
-7.411766807027937270e-14
-5.235525137176458585e-14
-3.690892564052286489e-14
-2.597704213511410417e-14
-1.825853211653683921e-14
-1.281969565185004333e-14
-8.993287954274727810e-15
-6.304829795533456513e-15
-4.418055556552852043e-15
-3.095109160340034619e-15
-2.168242402401210029e-15
-1.519365237923626338e-15
-1.065485171414388521e-15
-7.482583008100158520e-16
-5.266558623690670542e-16
-3.719857765385467091e-16
-2.641972822140516085e-16
-1.892316877361328283e-16
-1.374579969458616100e-16
-1.021870069375994645e-16
-7.849023085066299496e-17
-6.301585203078356759e-17
-5.345431911573076573e-17
