# bin_4_4
-3.560492224374842496e-10
-3.611082743690723565e-10
-3.668620848898101803e-10
-3.733962416512826385e-10
-3.806145442399512185e-10
-3.888892130152511090e-10
-3.980939986920673928e-10
-4.082910854317428033e-10
-4.193955683040390177e-10
-4.317455085359248907e-10
-4.452419464279888106e-10
-4.597142174955080762e-10
-4.754260980100742225e-10
-4.921899707404474207e-10
-5.098991425758415255e-10
-5.284138482668284443e-10
-5.474914229847615642e-10
-5.665993189781378374e-10
-5.851511529428232890e-10
-6.028753174951553757e-10
-6.199365808662390442e-10
-6.369370059791133956e-10
-6.532351124600628965e-10
-6.670228458704678998e-10
-6.779735291587347712e-10
-6.870596827105747332e-10
-6.934980741373039126e-10
-6.959396760846050896e-10
-6.931571564017255380e-10
-6.853712302051428405e-10
-6.704465115586469776e-10
-6.475752923130779851e-10
-6.173932577200023937e-10
-5.795052624576166479e-10
-5.351603312818653162e-10
-4.846693399569561047e-10
-4.295248712108533604e-10
-3.712196437683331414e-10
-3.128696505929486728e-10
-2.587596203490075664e-10
-2.118009647696353849e-10
-1.727048268890822240e-10
-1.414094718303662057e-10
-1.166585418060814247e-10
-9.624079369395108469e-11
-7.868275656064060248e-11
-6.314062016527768875e-11
-4.962636152314341883e-11
-3.881311023436429293e-11
-3.106557267350216332e-11
-2.525977837647076661e-11
-2.009476849733931050e-11
-1.624418688273297014e-11
-1.323333255356421339e-11
-1.080656845139551264e-11
-8.883797404423492804e-12
-7.330200387489384208e-12
-6.058663183281666226e-12
-5.010638863436456395e-12
-4.138291889799714381e-12
-3.406889896728435427e-12
-2.791337659490323094e-12
-2.272750091391400948e-12
-1.836639907065535747e-12
-1.471560376599990919e-12
-1.168005787388590303e-12
-9.178068541919878703e-13
-7.137034519770932845e-13
-5.491097465529375770e-13
-4.180055865870898520e-13
-3.149062210876249888e-13
-2.348732588383654177e-13
-1.735363732405579214e-13
-1.271054764117247144e-13
-9.236525853616731008e-14
-6.664959351065735871e-14
-4.779749430218072273e-14
-3.409506656970839075e-14
-2.420988114140211610e-14
-1.712450159597455107e-14
-1.207358710900003395e-14
-8.489582264692194932e-15
-5.956290228500323706e-15
-4.171601960535860419e-15
-2.917472275362070233e-15
-2.038214890742202887e-15
-1.422844365773578170e-15
-9.928876623059720424e-16
-6.928361450150356268e-16
-4.837145649905822743e-16
-3.381392789139148830e-16
-2.368914006615911000e-16
-1.665321069445805212e-16
-1.176739508175002794e-16
-8.377058745715018118e-17
-6.032213275106251192e-17
-4.419541853092167349e-17
-3.314105185961695602e-17
-2.559681879531848333e-17
-2.050762524152413079e-17
