# bin_2_4
-2.771006598067822391e-10
-2.803737936974582673e-10
-2.840590358965183468e-10
-2.881995758940304715e-10
-2.926615599971057690e-10
-2.977478232595015730e-10
-3.032839198957219927e-10
-3.092675061477441801e-10
-3.155544414376305368e-10
-3.223893768707361302e-10
-3.296033667286214438e-10
-3.369566468930033884e-10
-3.446087230737562111e-10
-3.523019047833566110e-10
-3.598493636370799068e-10
-3.670398684752933865e-10
-3.735727059564438036e-10
-3.788817892886666014e-10
-3.823857397473397049e-10
-3.838271638312444521e-10
-3.834567762995885714e-10
-3.819809482466061799e-10
-3.789547357628479010e-10
-3.728949690477552663e-10
-3.638560092720466117e-10
-3.532827521589769592e-10
-3.410238436100536674e-10
-3.264969167375625340e-10
-3.093670044186805588e-10
-2.907684322420028494e-10
-2.696502104172587997e-10
-2.462085050412160626e-10
-2.218893614937077457e-10
-1.969897563903475370e-10
-1.729996497590382957e-10
-1.499947074773715669e-10
-1.285309195370471306e-10
-1.083706170320175608e-10
-8.992505682221668457e-11
-7.416529525873606521e-11
-6.115184047307506705e-11
-5.008419606454783256e-11
-4.075629855200174547e-11
-3.311659739452623386e-11
-2.688615119372202064e-11
-2.191165938289745924e-11
-1.783880162008030656e-11
-1.437109384637111918e-11
-1.149187021269460283e-11
-9.302989970593031416e-12
-7.653534512291065995e-12
-6.238159763192777103e-12
-5.110267361769830837e-12
-4.208186753030313375e-12
-3.464352646584915563e-12
-2.854695881037301682e-12
-2.350328150856627803e-12
-1.929716670452333537e-12
-1.578690490726519852e-12
-1.285222039487245497e-12
-1.040033309089289427e-12
-8.358301998351747696e-13
-6.666070487181051563e-13
-5.272831029533677221e-13
-4.134808749185692299e-13
-3.213533325736347297e-13
-2.474955911818478856e-13
-1.888904211290396299e-13
-1.428774532269153632e-13
-1.071343873599127574e-13
-7.966117313155379734e-14
-5.876194194599792495e-14
-4.302216880655214943e-14
-3.128113841258123059e-14
-2.260160321763540018e-14
-1.623860790951260879e-14
-1.160914078321160480e-14
-8.263690695456316447e-15
-5.860531121764446362e-15
-4.143340569642608824e-15
-2.921622665946407715e-15
-2.055681938730427329e-15
-1.443868547367361121e-15
-1.012928655882150925e-15
-7.099071490780444085e-16
-4.973400146371029889e-16
-3.484200148869653996e-16
-2.443096166680477057e-16
-1.715953381284715244e-16
-1.209112771837757564e-16
-8.565791031712790389e-17
-6.117342905170516813e-17
-4.419866268103055175e-17
-3.245597378503153691e-17
-2.435089779472004817e-17
-1.881510166591383204e-17
-1.509871215412584863e-17
-1.262492712334708505e-17
-1.099346323786825675e-17
-9.944133782712791594e-18
