# bin_2_1
-4.191394987043174696e-09
-4.261060263404256938e-09
-4.340380382828293774e-09
-4.429566693721258904e-09
-4.531825414430055187e-09
-4.646919250385178395e-09
-4.776066846441470513e-09
-4.919711704602407582e-09
-5.078661873539549447e-09
-5.253945089761011271e-09
-5.442340748418539316e-09
-5.648487257392576987e-09
-5.865820180193603578e-09
-6.095877042133959192e-09
-6.332373967480830364e-09
-6.570021115800868956e-09
-6.801578954561657964e-09
-7.016012095296304757e-09
-7.204729147808246347e-09
-7.353151653643513976e-09
-7.453810985147139376e-09
-7.496821610063898156e-09
-7.464255315284923132e-09
-7.338546791823963056e-09
-7.118319856911715061e-09
-6.811553038733752759e-09
-6.422119218263865341e-09
-5.958058593655441123e-09
-5.435017379958892873e-09
-4.876528155652976855e-09
-4.285964290813412849e-09
-3.688339789448401845e-09
-3.113749185668099217e-09
-2.595150707125865564e-09
-2.147553310761936073e-09
-1.767530856647163699e-09
-1.454953475359546768e-09
-1.197265703890624796e-09
-9.790817434145004360e-10
-7.940588215188469780e-10
-6.420630517739803242e-10
-5.168005463752991917e-10
-4.159446514555271647e-10
-3.356916888341675986e-10
-2.730177106386331549e-10
-2.241040609192624599e-10
-1.847773714400379799e-10
-1.534174140394330102e-10
-1.281238531887410708e-10
-1.074194419725036409e-10
-9.029459055446369396e-11
-7.591272130754930589e-11
-6.371262989373649960e-11
-5.327872996462584033e-11
-4.431189800625913705e-11
-3.660014176152867569e-11
-2.998399477944354244e-11
-2.433847812369589447e-11
-1.955925716501374572e-11
-1.555358704688683961e-11
-1.223476303746572168e-11
-9.519548345067411360e-12
-7.327514929638768857e-12
-5.581691169955704486e-12
-4.209838562301407325e-12
-3.145830143768470622e-12
-2.330754268089198791e-12
-1.713544183862497471e-12
-1.251086629135921585e-12
-9.078720260850144913e-13
-6.553068914395181293e-13
-4.708294920950007540e-13
-3.369539866393920543e-13
-2.403396327186083906e-13
-1.709454792327543375e-13
-1.213019234919415733e-13
-8.590706009769070049e-14
-6.074201690461042012e-14
-4.289217078779201267e-14
-3.025593256010785513e-14
-2.132416797861215220e-14
-1.501908431612379261e-14
-1.057351768027446710e-14
-7.442402844755323630e-15
-5.237883469639623876e-15
-3.687850860495143540e-15
-2.597778958553693710e-15
-1.832372605594591441e-15
-1.295349993862464780e-15
-9.201013437372015767e-16
-6.592930490122369421e-16
-4.788334428770835039e-16
-3.551186865897758812e-16
-2.713462328817992112e-16
-2.157838679620097718e-16
-1.800973577451604569e-16
-1.586520735667921288e-16
-1.466380994944006302e-16
-1.405417204111055156e-16
-1.377798338539214767e-16
