# bin_2_2
1.388517073567170209e-08
1.409918175791287782e-08
1.434092661710980309e-08
1.461239413764614142e-08
1.491542105127919935e-08
1.525244711342017340e-08
1.562353880165132054e-08
1.604023147111427667e-08
1.649941787024069871e-08
1.699479506169863276e-08
1.752301048858132008e-08
1.807936468142451924e-08
1.866014099361642713e-08
1.926512741611946219e-08
1.988426675177260445e-08
2.051175124557229699e-08
2.114015424483677806e-08
2.175249152578177511e-08
2.232298356727043401e-08
2.282319135637768419e-08
2.319003561594764116e-08
2.338361218250209424e-08
2.340187433890911489e-08
2.329002529398137949e-08
2.304493149891888013e-08
2.254167474512712103e-08
2.175047317769326310e-08
2.077777148427209450e-08
1.962180645152722418e-08
1.827354476665717590e-08
1.673642115926795611e-08
1.514003811233354664e-08
1.348628868003673062e-08
1.182627981301184816e-08
1.025588216792318637e-08
8.774157246748430122e-09
7.451275138092171817e-09
6.270264312468904778e-09
5.251139567864851285e-09
4.370759909434273108e-09
3.611378821484147007e-09
2.962221384489841320e-09
2.412663886844555337e-09
1.956331901604674338e-09
1.585547457095371437e-09
1.288247843729259488e-09
1.050300819092238673e-09
8.595074040745983924e-10
7.065054982374701096e-10
5.837113036279861918e-10
4.845988738883572633e-10
4.038364690970405081e-10
3.373652335888297356e-10
2.820837185813743398e-10
2.356470753479260790e-10
1.963222353083669140e-10
1.628382177549011068e-10
1.342583914642948416e-10
1.098829616549594598e-10
8.917090580075484124e-11
7.168351583812467556e-11
5.704511621414148400e-11
4.491800844311859793e-11
3.498837844455835954e-11
2.696015799431385440e-11
2.055419006384609521e-11
1.551041414914846756e-11
1.159112237613109492e-11
8.584100249830626175e-12
6.304583188856778156e-12
4.595744551804150150e-12
3.327704285892005821e-12
2.395342327028935404e-12
1.715351905760812985e-12
1.222948374582729008e-12
8.685849631001890629e-13
6.149186295146971391e-13
4.341578356641561902e-13
3.058430052076608002e-13
2.150704855445013001e-13
1.510267059785506458e-13
1.059342817718871196e-13
7.424399852513509373e-14
5.202331680100094264e-14
3.646171842502732837e-14
2.556923926288776405e-14
1.797265148826619615e-14
1.267012197093794587e-14
8.980108712482774956e-15
6.423025788002715156e-15
4.654917236352422367e-15
3.439659388408412457e-15
2.615022216902333770e-15
2.059803574551547377e-15
1.695742334017124665e-15
1.462756921031322916e-15
1.320928638089102587e-15
1.239045657011457141e-15
1.195754728368788974e-15
1.175586899276542176e-15
