# bin_3_1
1.269238342035165257e-08
1.286632094804416761e-08
1.306191935918254823e-08
1.328099000368006374e-08
1.352043041982826658e-08
1.378992723022284993e-08
1.408749172042041447e-08
1.441523749340228168e-08
1.477351734767765368e-08
1.516341055423927007e-08
1.557371649816977520e-08
1.600784990089417920e-08
1.646489641711946455e-08
1.694103375206929748e-08
1.742545489264736354e-08
1.791000158723677197e-08
1.837581782601597183e-08
1.880146295756926037e-08
1.914475279169187501e-08
1.938073234288456906e-08
1.950344230839495980e-08
1.953795226802485267e-08
1.947913104609937838e-08
1.924008609534954581e-08
1.878287149727668708e-08
1.817412027016396732e-08
1.741890538561100626e-08
1.649070140535807500e-08
1.539067785623385745e-08
1.419343696820356481e-08
1.291359260767318531e-08
1.156814866036366648e-08
1.024340234007870261e-08
8.938191023037807275e-09
7.719246821838066556e-09
6.589495044399832691e-09
5.582532263523307051e-09
4.692178646015035693e-09
3.917511064830443833e-09
3.251324161271483122e-09
2.681128537474603047e-09
2.197157031222845599e-09
1.791494959178270666e-09
1.456894767460788032e-09
1.184942134792976899e-09
9.657731435777093779e-10
7.894887575140505180e-10
6.478021961673492646e-10
5.339693470779772145e-10
4.421760822077823594e-10
3.675401000454619864e-10
3.063305029552579072e-10
2.557254789876594342e-10
2.134515965122033804e-10
1.778449753865858959e-10
1.476695449475202059e-10
1.220008384966916602e-10
1.001505972747747171e-10
8.159076912419891758e-11
6.590154217969327655e-11
5.273295514800195485e-11
4.177915566253049278e-11
3.276267770162428847e-11
2.542617169100527343e-11
1.952933590631241288e-11
1.484904486205745826e-11
1.118102226381103648e-11
8.341785070437140198e-12
6.170170549401580534e-12
4.527854056102038529e-12
3.298819631010159085e-12
2.387896684781830849e-12
1.718620381651481904e-12
1.230714489988985735e-12
8.774775616151582946e-13
6.232798516822894357e-13
4.413077127136654444e-13
3.116293037433571984e-13
2.195805658329594187e-13
1.544405079605695570e-13
1.084670177886266495e-13
7.610137075945194811e-14
5.336570833815549515e-14
3.740970836041149876e-14
2.624430381253344908e-14
1.843094813509583141e-14
1.297902059020314265e-14
9.181021486577521409e-15
6.540744505254660706e-15
4.711609159520430363e-15
3.451783184778769157e-15
2.590108165833202117e-15
2.007215126118824851e-15
1.618660157473693588e-15
1.365694871199764570e-15
1.205816236740861032e-15
1.108991068911753272e-15
1.053495649375537564e-15
1.023957895806780040e-15
1.009608983755350288e-15
