# bin_3_3
1.749356450354555699e-08
1.777876073889768662e-08
1.810309730774431267e-08
1.847100192136261698e-08
1.888144171552759852e-08
1.934852855411599234e-08
1.987297184775668995e-08
2.046049057407382046e-08
2.111523009256636908e-08
2.184308269075118174e-08
2.263567126400825761e-08
2.350194578222080511e-08
2.444404225630238978e-08
2.546144432114069150e-08
2.654612336183095293e-08
2.769124121595698939e-08
2.887645945018512468e-08
3.007851163461006801e-08
3.124800080757763935e-08
3.235183569033310383e-08
3.337093788462251379e-08
3.431477154340044440e-08
3.515626382305721819e-08
3.577796376511923901e-08
3.610932251070498223e-08
3.618375838005018772e-08
3.596778114631015285e-08
3.539295584647898794e-08
3.442133828963790313e-08
3.309768785407013582e-08
3.141158328526137342e-08
2.937010726273921958e-08
2.707256582958370187e-08
2.454591625855422296e-08
2.191364519045324347e-08
1.924877922890678763e-08
1.667043923909024040e-08
1.425418680931799251e-08
1.206780448441098874e-08
1.014646236787129799e-08
8.487688868992560407e-09
7.064928863378367141e-09
5.840728858898506693e-09
4.783795655828052609e-09
3.879042204416402237e-09
3.124699600938570461e-09
2.516979138173411523e-09
2.036615501102601313e-09
1.654103268392137072e-09
1.346417670616701767e-09
1.100808166543933483e-09
9.055527233165021451e-10
7.487484970905980205e-10
6.217449787822192437e-10
5.179309787147265692e-10
4.320859724005433210e-10
3.603573903023974725e-10
2.998837961845747521e-10
2.485729074000796604e-10
2.048912723886521166e-10
1.677005653843632846e-10
1.361302340052661859e-10
1.094836900811664162e-10
8.717333032339797439e-11
6.867846735919479546e-11
5.352059320029840508e-11
4.125159582056660197e-11
3.145057259067684049e-11
2.372576415505228756e-11
1.771863248991056811e-11
1.310806954940796733e-11
9.613362127473886539e-12
6.995203196732147209e-12
5.054603290122449884e-12
3.629992297853631585e-12
2.593050041413205043e-12
1.843881653488315719e-12
1.306095863783922133e-12
9.221721339315427562e-13
6.493447512710133502e-13
4.562170500484653545e-13
3.199563441031478509e-13
2.240827654810024628e-13
1.567639558863388004e-13
1.096008102436281296e-13
7.659851494244911869e-14
5.354576103661694398e-14
3.746341208643017870e-14
2.625795642418567255e-14
1.846251909558682993e-14
1.305124516659567244e-14
9.304499075828801520e-15
6.720641931198733243e-15
4.948778645139377689e-15
3.745430631176816868e-15
2.939117284237193215e-15
2.410211969156001082e-15
2.073912679760799348e-15
1.870062347835270058e-15
1.754978980226081183e-15
