# bin_3_2
1.551810083631723849e-08
1.575616925640301731e-08
1.602588916291532439e-08
1.633054891197915941e-08
1.666810546988760449e-08
1.705085941337871977e-08
1.747820359650249322e-08
1.795419053752712240e-08
1.848117372746424191e-08
1.906285754939761411e-08
1.968924503491037739e-08
2.036672416494569807e-08
2.109560297391514554e-08
2.187340262503968624e-08
2.269025836620329574e-08
2.353795384960799059e-08
2.439572616692411874e-08
2.524003965343401046e-08
2.602318288411557250e-08
2.671425049722517860e-08
2.729841474306887135e-08
2.779068779513491100e-08
2.817230305161272482e-08
2.833777823484271432e-08
2.823024745866834556e-08
2.789823730537753155e-08
2.732640444997686875e-08
2.646692506037939098e-08
2.530306833373269530e-08
2.389928452611196525e-08
2.226409406982901921e-08
2.041839820024681330e-08
1.846640020124411263e-08
1.643178408081489251e-08
1.442032275391581402e-08
1.247591360554134010e-08
1.067563742234244216e-08
9.047226740679620223e-09
7.611351264724755997e-09
6.366889061672208550e-09
5.294341227673202189e-09
4.371608645809372681e-09
3.580841356264602562e-09
2.911447904821453877e-09
2.356374260849340114e-09
1.906090826083241232e-09
1.545715746427569065e-09
1.257917201614664902e-09
1.027602618428325750e-09
8.433059311188523773e-10
6.956332219296886833e-10
5.765832747706437004e-10
4.798090066150128987e-10
4.003101014547317483e-10
3.343068876818698716e-10
2.789618206067774878e-10
2.321699300155418025e-10
1.923891747773779247e-10
1.584841090944847753e-10
1.296056077551782458e-10
1.050975753089866682e-10
8.442849027063415487e-11
6.714423886004286081e-11
5.283802213311768868e-11
4.113333473680575706e-11
3.167642320008660584e-11
2.413499884313897322e-11
1.820043244371877981e-11
1.359138304196524931e-11
1.005711349920937341e-11
7.379575470216533423e-12
5.373813981759847973e-12
3.886703522178117773e-12
2.794334461154651743e-12
1.998527802341630285e-12
1.422957053515605189e-12
1.009279474695264135e-12
7.135626640877736533e-13
5.031471146461179596e-13
3.539911750303332653e-13
2.486001677219174089e-13
1.743402206929942902e-13
1.221393149539315843e-13
8.550167439168288488e-14
5.984538836535874699e-14
4.189230189592810591e-14
2.935424770182558003e-14
2.060927665879352017e-14
1.451860865299041442e-14
1.028527034609864020e-14
7.352488185645522530e-15
5.328774342364461486e-15
3.941323886791705860e-15
2.998620092126409463e-15
2.367733358768510529e-15
1.954106545388819626e-15
1.691383520251720033e-15
1.531852308779202853e-15
1.441214999007018467e-15
1.394290239667633749e-15
