# bin_4_1
1.284289061229273882e-08
1.302869459365317782e-08
1.323851872344976045e-08
1.347015933709640218e-08
1.372843081296591607e-08
1.401705880403345965e-08
1.433635226793321356e-08
1.468938781807426986e-08
1.507154057234129388e-08
1.548881641086546564e-08
1.592710785981641016e-08
1.638387931732911875e-08
1.686091814111243479e-08
1.735674803184824385e-08
1.785622639903636164e-08
1.836147962390529351e-08
1.885697080249022922e-08
1.932525410059228044e-08
1.974177885867388093e-08
2.006552176266968860e-08
2.025135435267818264e-08
2.028638669169062299e-08
2.020034071071892068e-08
2.002126892934072409e-08
1.967242200612655084e-08
1.907183837831050552e-08
1.829412223982713595e-08
1.738383060176803664e-08
1.631719076285578984e-08
1.508873788845995478e-08
1.376971004427281942e-08
1.242118850265133361e-08
1.101960317500800468e-08
9.678812550292483604e-09
8.385651602634081782e-09
7.197556331642935895e-09
6.116780511807980703e-09
5.165009672176909945e-09
4.325906080878064128e-09
3.601318844431486471e-09
2.978479491554556755e-09
2.446461298585889918e-09
1.998477293223706516e-09
1.627631806912282519e-09
1.325265543450206834e-09
1.080808805046051280e-09
8.832444217379470866e-10
7.234991781093048996e-10
5.947274887896226529e-10
4.911413257996187790e-10
4.073037061537354317e-10
3.386842928065227943e-10
2.821059558080564488e-10
2.350933241361048591e-10
1.956801559718378891e-10
1.624170734257030255e-10
1.342261466205532701e-10
1.102927462339341185e-10
8.999733996646195105e-11
7.285132777690913352e-11
5.845413789327905732e-11
4.646226357247522426e-11
3.656966855228564906e-11
2.849658974344236344e-11
2.198433779845675679e-11
1.679400224341633967e-11
1.270727346944235383e-11
9.527903943749356469e-12
7.083041143740931035e-12
5.223699507200905066e-12
3.824264832413019037e-12
2.781067130585828639e-12
2.010252414956479256e-12
1.445245655583637801e-12
1.034072879036227697e-12
7.367711926477523315e-13
5.230272436380086794e-13
3.701238581755813450e-13
2.612228063665770073e-13
1.839714003393916631e-13
1.293303581260896984e-13
9.078682975370836111e-14
6.366464081868152717e-14
4.463409475306811141e-14
3.128716029671433921e-14
2.195562794770235598e-14
1.543245515328299138e-14
1.089204400458790720e-14
7.732459944789390148e-15
5.541994509844961940e-15
4.030507386190866562e-15
2.993568924277769092e-15
2.289984232262665887e-15
1.817792570990422195e-15
1.507810236292818086e-15
1.309301255823658513e-15
1.186306329139478786e-15
1.113597606741984767e-15
1.073007505698256396e-15
1.051782637868264156e-15
