# bin_2_1
1.159568948468891700e-08
1.175892593786276564e-08
1.194206161262243381e-08
1.214599574712889862e-08
1.237141040629922739e-08
1.261949547140638404e-08
1.288930970271825770e-08
1.319006405184892144e-08
1.351768320570365412e-08
1.386481886613123433e-08
1.422607617634691491e-08
1.459558688833082692e-08
1.496959104460407972e-08
1.534634991966609129e-08
1.571546092634870198e-08
1.607283831652161997e-08
1.641189214015765865e-08
1.671873771588346897e-08
1.697283970114291483e-08
1.715037272586671140e-08
1.719857617785146941e-08
1.708659608335507933e-08
1.682330643630186299e-08
1.646448490285408921e-08
1.602073952435327886e-08
1.538580906450141493e-08
1.454434060121112190e-08
1.361142716512511323e-08
1.259448768416337746e-08
1.149081090645347395e-08
1.030256728897202382e-08
9.144875795080065651e-09
8.004964369028241721e-09
6.908701219008345682e-09
5.920094091617826101e-09
5.011478927371369875e-09
4.224452148243791841e-09
3.527939333651218064e-09
2.934104923362937964e-09
2.424039829451521459e-09
1.988470136657012072e-09
1.623378686402013512e-09
1.321100806446519571e-09
1.074648768188431762e-09
8.761657183480366115e-10
7.169508668476718011e-10
5.889694511641957225e-10
4.859092560679042541e-10
4.026712242734058877e-10
3.350428742391597372e-10
2.796426687392711064e-10
2.337956811236186184e-10
1.954788238040974709e-10
1.631747276712514437e-10
1.357574424115905857e-10
1.123920085300701658e-10
9.245786985955533803e-11
7.548248222397416170e-11
6.109337871819251400e-11
4.898185527307129992e-11
3.887886629342839314e-11
3.054000817295438335e-11
2.373749791328541262e-11
1.825714477817686532e-11
1.389847173528110622e-11
1.047645769378272256e-11
7.823725577558572725e-12
5.792255617537353519e-12
4.254333237271093880e-12
3.102382363511148433e-12
2.247873864451674496e-12
1.619519464348518289e-12
1.161037301279578862e-12
8.287782332542599545e-13
5.894194692280853757e-13
4.178691625783197130e-13
2.954582916941679568e-13
2.084386697797451310e-13
1.467746672542619500e-13
1.032142217041503834e-13
7.250937622481683554e-14
5.089909303125655797e-14
3.571334920733622631e-14
2.507186441996948007e-14
1.762239096520315634e-14
1.240668977770719993e-14
8.777150215943674274e-15
6.245247006367917953e-15
4.488184775899998213e-15
3.277470160131121262e-15
2.446011828580685943e-15
1.880630072393116782e-15
1.503998495542907741e-15
1.255871890566387229e-15
1.098684282262833066e-15
1.002267324747384948e-15
9.468510492014712112e-16
9.168659625144280531e-16
9.021274220282659105e-16
8.957150027400349915e-16
