-1.677955765225105469e+12 -6.826885703574696045e+11 -6.091244615284874268e+11 7.160437099998527832e+11 -5.522885081041423340e+11 -1.171160512371685181e+11 -4.086832134425048218e+11 -4.098878195831798706e+11 2.248085162438829651e+11 7.869769346597244873e+11 -1.661416013917425537e+12 -1.144972120744669922e+12 2.130699287132623779e+12 -1.293664535988449097e+11 -2.145255921540540771e+12 1.083212939254634888e+12
1.932603695561878125e+13 1.111966083657799219e+13 8.479910202506079102e+12 -8.037984512361992188e+12 6.172273293299367676e+11 -4.942925057039407959e+11 7.782564225939132080e+11 1.400288554405053467e+12 2.464910571288454102e+12 -1.136673018611231445e+13 1.927110777509256641e+13 -3.780520348112576660e+12 -3.296192610674561328e+13 -1.426922360628779688e+13 3.062356966777049219e+13 -1.416311663933062891e+13
-1.438010441321011562e+14 -9.004736650854087500e+13 -6.849105047362237500e+13 4.706687573785199219e+13 9.319200171965976562e+12 2.298336420511487891e+13 3.763716531649298340e+12 2.500343045996444141e+13 -1.876829954895681641e+13 5.974775212042453906e+13 -9.342195976070526562e+13 1.121647902384623125e+14 2.757287520771356562e+14 2.240665564975335000e+14 -2.036706012194339375e+14 7.762835921276381250e+13
5.961212968873705000e+14 3.803476631521996875e+14 3.015245394398148125e+14 -1.324583169830325781e+14 -6.101587286198758594e+13 -1.545426249744619062e+14 -1.707454103110499805e+13 -2.208633961580600312e+14 1.609127913995117773e+13 -1.353689437975059844e+14 2.013203343799505938e+14 -6.429026094828677500e+14 -1.185304001956302500e+15 -1.256196815313705250e+15 7.062928219672578750e+14 -2.006213938716670625e+14
8.362066485006080078e+12 3.575541021810581055e+12 4.003499713004057617e+12 -1.018473647154391174e+11 4.372531025450224121e+12 -1.076668872340651855e+12 4.183270767649071777e+12 -1.202709171215347672e+10 -5.107252558426757812e+12 3.092170287757664108e+10 5.042719106596909180e+12 2.296120532838618164e+11 -1.006044200455246680e+13 -6.293011329972268555e+12 1.099199302007709375e+13 -8.002543086612824707e+11
-8.873306197772732812e+13 -5.277034628895562500e+13 -3.579309256890782812e+13 -6.124858213052868652e+11 -4.981834587304118750e+13 7.103966034110100586e+12 -3.123501625558800781e+13 7.904507835213891602e+12 4.229477645975599219e+13 1.800082973768416406e+13 -7.337900679926404688e+13 3.380385039914845703e+13 1.394770040946358906e+14 6.921036191699825781e+13 -1.446174068116579375e+14 1.938637016033805469e+13
6.641430327036453750e+14 4.196377983401679375e+14 1.821245450408168750e+14 1.521622129666672852e+13 4.203791517722947500e+14 -1.312188943095873438e+14 2.254670803129934375e+14 -2.165226197948272188e+14 -2.333600116860364688e+14 -8.355519309164673438e+13 4.239804596392962500e+14 -5.048484562979992500e+14 -1.167008125021018000e+15 -6.148048605228147500e+14 9.444278033339347500e+14 2.444627492485650000e+13
-2.858208192696144000e+15 -1.782149939713707750e+15 -5.728548611883318750e+14 -9.673642401750984375e+13 -1.858685024499602500e+15 9.487907690267872500e+14 -1.100188352875156750e+15 1.470255103223010750e+15 8.626857987888057500e+14 -6.153744493192282812e+13 -1.237721591659472500e+15 2.741010004352374500e+15 5.155941773959220000e+15 2.937238049204300000e+15 -3.312719803554405000e+15 -8.957643330336402500e+14
-1.018228888348103711e+13 4.994744294140300781e+12 3.362589201491930176e+12 -1.634204194785469238e+12 -2.465414820642724121e+12 -9.686158139785678711e+11 -2.949802676690543457e+12 -4.453909957199248505e+10 2.258270383262386719e+12 -5.040739434940886719e+12 -6.324181203131414062e+12 1.838955691184677734e+13 7.695071098237077148e+12 2.718408939977719531e+13 -1.720777074756065625e+13 -1.384741124483415820e+13
1.076828142543964844e+14 -6.092240438515617969e+13 -5.846705490799975000e+13 5.323612412383268750e+13 7.800281606133153125e+13 4.339647986590420312e+13 9.282270738423357422e+12 -7.797738085963078613e+11 -2.969330447668991016e+13 2.877819775712286719e+13 8.659088815020304688e+13 -1.680003466895439375e+14 -5.579539623724832812e+13 -2.736494434952076562e+14 1.697952466158262188e+14 1.570985197570674688e+14
-6.140135247703298750e+14 4.143936769936496875e+14 5.401407067260800625e+14 -4.924140333260516250e+14 -7.483811978091638750e+14 -2.911524777261216250e+14 -2.231235486095565625e+14 1.439984747371255000e+14 1.025137374809010000e+14 -1.209219266871128438e+14 -7.908072624632810000e+14 9.026275256192506250e+14 2.831725715490445000e+14 1.582006788145954250e+15 -8.720907495853080000e+14 -1.232205701863956000e+15
1.953359309630820000e+15 -1.553208677510240750e+15 -2.492129995434016500e+15 1.951730901690799750e+15 3.272169359650087000e+15 6.133124518486277500e+14 1.876263062091175750e+15 -1.149822985018041000e+15 5.461031550814741406e+13 4.930282574858838125e+14 3.816087713800577500e+15 -2.863831121237560500e+15 -9.572689072469920000e+14 -5.099508067041532000e+15 2.540956185527691000e+15 5.712573785917210000e+15
5.161339090842577148e+12 -6.707906220715294922e+12 -5.434092104816746094e+12 1.548527574193720703e+12 -7.867419204635534668e+11 1.548551402700654785e+12 -8.191352091640910339e+10 -2.094460857963037872e+10 1.558298571718117432e+12 3.634655687246646484e+12 3.853721202413133301e+12 -1.693418100285796094e+13 -1.295469271148374268e+12 -2.187618996831738672e+13 1.059464926795949609e+13 1.384597825103517773e+13
-5.692059402704496875e+13 8.510143323333910938e+13 7.147982250798060938e+13 -4.961501771392305469e+13 -3.332397018510074609e+13 -4.301379729021035156e+13 1.588572244119246875e+13 -1.462774904810369873e+12 -9.974356096150716797e+12 -2.309005875746125000e+13 -4.981768250084067969e+13 1.422626551407664375e+14 -2.421838044445512500e+13 2.291532476647995938e+14 -8.695323523898218750e+13 -1.611379356687536562e+14
2.375583082761292812e+14 -6.049761476131613750e+14 -5.576506959419241250e+14 4.607945243697771250e+14 3.571364418566418125e+14 3.337812502991543125e+14 2.749546368811928906e+13 -3.765406223836878125e+13 1.409897128544895000e+14 6.589144668660241406e+13 5.627213686981809375e+14 -6.134032788963733750e+14 3.609954825839897500e+14 -1.308266580069319250e+15 3.346439637382072500e+14 1.134855162974476250e+15
-3.110434449952393125e+14 2.371699131198023500e+15 2.389641717353400000e+15 -1.842992746318846000e+15 -1.525410148127389250e+15 -1.077234458196600125e+15 -9.092954038915266250e+14 3.766855346047367500e+14 -9.281160965207755000e+14 -8.212253484746654688e+13 -3.051399790813253500e+15 1.361025865159561500e+15 -1.877116383991055000e+15 4.061820684522907000e+15 -6.232780871345268750e+14 -4.728173873506949000e+15
-1.286430960038127148e+13 -6.737479319066527344e+12 -4.246668633715975098e+12 1.432602273777459717e+12 -6.047848826450033203e+12 3.320218340813255371e+12 -3.753502571246335938e+12 2.277560136943623535e+12 6.330633111619416016e+12 -1.528788993384001465e+12 -8.462557625246506836e+12 2.385893066598702637e+12 8.712676334588504883e+12 7.059017313459284180e+12 -1.415768281865612500e+13 -1.365731914560381104e+12
1.361537087085363125e+14 8.042665659238670312e+13 3.190388098166681250e+13 3.519199512161083008e+12 9.546912755090956250e+13 -4.233827294586018066e+12 2.792320180266830078e+13 -2.170677154993812500e+13 -4.393171057887734375e+13 -3.393494162043155078e+13 1.139468234134525156e+14 -4.569065403131430469e+13 -1.287032162301195625e+14 -8.198582244332187500e+13 1.860060978428245938e+14 -1.367362776092128320e+13
-8.931957683487955000e+14 -5.202811623963249375e+14 -3.634135374815541406e+13 -1.718840668387974688e+14 -9.470704002604868750e+14 6.502949462898699219e+13 -3.572365730060817500e+14 4.129855903775406250e+14 7.532272965635551562e+13 3.750176895228819375e+14 -8.822280900931268750e+14 6.184337542953048750e+14 1.210919967475930250e+15 5.646856436253333750e+14 -1.119138356081688000e+15 -1.455707468381998125e+14
3.526446715320734000e+15 1.901992972483587750e+15 -3.696000329077151875e+14 9.889959727420050000e+14 4.531958367540688000e+15 -8.800990898145101250e+14 2.369225273006771000e+15 -2.775719709081431500e+15 2.354319643409259375e+14 -1.497738559889922250e+15 3.896344137674405500e+15 -3.477007609231357000e+15 -5.779737734282228000e+15 -2.086741107732624750e+15 3.674032540814273500e+15 2.010015157092560500e+15
2.465659639629692969e+13 -1.980488029404559082e+12 6.387971721333507538e+09 -6.168766200028072266e+12 1.528696701296882422e+13 -6.400545305808423042e+09 1.018251898376735938e+13 -1.121071572534453125e+12 -1.100815533230783984e+13 5.036358203208880859e+12 1.954074594604830469e+13 -3.177214844660878906e+13 1.409240125710002344e+13 -6.945097713064399414e+12 3.465550165226366406e+13 2.540338924668844922e+13
-2.822486542812109375e+14 1.003903774193382031e+14 6.569086991415582812e+13 -3.447616306828839844e+13 -2.534753925341174688e+14 -1.165180779832139219e+14 -6.020657853756623047e+12 2.686915525834451562e+13 1.052646419261139688e+14 -9.076567831342491455e+11 -2.150638323759547812e+14 3.268295391021853750e+14 -8.637580485940629688e+13 1.492852818613210938e+14 -3.880464160239408750e+14 -1.644120009487423125e+14
1.467455919060170000e+15 -1.263380628198685750e+15 -1.044803164718092125e+15 7.757955780637896250e+14 2.408858521831664000e+15 8.535470995033520000e+14 3.632343169030762500e+14 -6.558254013848338750e+14 -2.866834125142821250e+14 -2.242077883019623750e+14 2.540408524380548500e+15 -2.092193084202695250e+15 -4.855193948408663281e+13 -1.254926667163820000e+15 1.906655643384307250e+15 1.576482894355677000e+15
-4.125597508934846500e+15 6.617558535562717000e+15 5.891000547027014000e+15 -3.927616150194566000e+15 -1.125456640846017600e+16 -1.764540441784036750e+15 -4.528464961413073000e+15 4.462823115696179000e+15 -1.962018414786425312e+14 1.209882638976965250e+15 -1.477948384793345800e+16 7.906013953873751000e+15 1.744173674375280250e+15 4.928306345374291000e+15 -5.178756705583667000e+15 -1.007523291874709800e+16
-9.588178741435818359e+12 8.573733043406048828e+12 3.197879368491542969e+12 2.533241297427389160e+12 -9.015845296288777344e+12 -4.389875906525350586e+12 -5.014129889153356445e+12 -6.710884053835687256e+11 3.554379193169436523e+12 -1.651950304042434570e+12 -9.181877743598865234e+12 2.668703662823737500e+13 -2.194187873967609375e+13 3.679625100306513062e+11 -1.902351758215132031e+13 -2.309789015151450781e+13
1.279358234792014844e+14 -1.689770749914421250e+14 -7.998358144543575000e+13 4.741663929471911719e+13 1.463750004558142188e+14 1.186671928528996250e+14 -3.525076266511090625e+13 -1.332793292636329688e+13 -4.533923159144789844e+13 1.675563874962051172e+13 9.323993469657484375e+13 -2.664113356553041875e+14 2.051557607431439688e+14 -6.441520800732660938e+13 1.896115743972576562e+14 1.779695425110843750e+14
-5.504134283295413125e+14 1.619661472647292750e+15 8.713849642165276250e+14 -6.425210850907601250e+14 -1.293897616965923250e+15 -8.746285888842491250e+14 1.424173539637156875e+14 2.491284110822675938e+14 1.571618217378493438e+14 -7.391859211202970312e+13 -1.527120161582851500e+15 1.416753715166700500e+15 -1.122033496066513375e+15 7.278508241035901250e+14 -7.766627260555467500e+14 -1.372608883471792000e+15
7.627410896251063750e+14 -7.656182660165287000e+15 -4.404888678653668500e+15 2.925700014267048000e+15 5.800597987067774000e+15 2.558984889997080000e+15 1.261543819734871500e+15 -1.481241487555242250e+15 -5.229374008756153906e+13 1.705674262365947812e+14 9.814053480490260000e+15 -4.230733869265764000e+15 3.990473387508922500e+15 -3.341070281906870000e+15 1.596394387507170500e+15 7.425368001256774000e+15
-3.006198012438452148e+12 8.885835592871685791e+11 -9.670778027067907715e+11 6.145726636512289062e+12 -5.392495179045571289e+12 -1.489977362255880127e+12 -1.128078314671495117e+13 -4.773012725178135742e+12 5.703023368829131836e+12 6.568115401409974609e+12 -4.047094055760908691e+12 2.470427865963743750e+13 -3.074817100503076562e+13 -7.132063980643058594e+12 -1.760091633012513281e+13 -2.705517310073178516e+13
6.384448111409957812e+13 -7.804228521836393750e+13 -4.339170056913856250e+13 -4.870786761045971875e+13 7.019205137955007031e+13 7.758939275049217188e+13 5.566847976912526562e+13 -5.120594553429265625e+12 -4.940574796706028125e+13 -8.020326406837165625e+13 3.887132834759962500e+13 -2.939246674270845000e+14 2.422361148855876250e+14 2.885560262874451562e+13 1.704231371546124062e+14 1.769768555036829062e+14
-2.473817169402438750e+14 1.021952679019236000e+15 6.078814308585661250e+14 5.699919391496489062e+13 -7.810462572480697500e+14 -5.560805936436449375e+14 -3.452403892556715625e+14 2.806861844616163125e+14 3.247328857024639375e+14 3.233461480399131250e+14 -1.256458976392150250e+15 1.817086704792660750e+15 -1.154525152259520500e+15 9.582755468032676562e+13 -6.881057969146290000e+14 -1.319296867360940250e+15
-7.769528359089182617e+12 -5.413381002047798000e+15 -3.199058609241329000e+15 5.811634529026897500e+14 4.172463495973565500e+15 1.461007971281955500e+15 2.362945780026934500e+15 -1.588294180833338750e+15 -1.472556051782663250e+15 -4.751116487411370000e+14 9.058354853363742000e+15 -6.238700117928255000e+15 3.999557768056250500e+15 -1.265053261426784750e+15 1.294443573525829750e+15 7.346534335955417000e+15
-7.702989081970948242e+12 -1.891944575950597900e+12 8.550968508512924805e+11 -7.889963423964432617e+12 4.028297798307547852e+12 7.206090395039920898e+12 1.085292338968052148e+13 9.899884591272896484e+12 -1.887770521270662109e+12 -1.403761055921830273e+13 -4.424222778352791992e+12 -3.073483960924332812e+13 4.834585465301578906e+13 9.639846753756099609e+12 1.507159940636020703e+13 3.877671910234219531e+13
2.687556678497516406e+13 1.056559375219579219e+14 6.398430106776773438e+13 8.131554071633450000e+13 -5.081926405939204688e+13 -1.472069083939701562e+14 -4.573985376712241406e+13 -1.100412950751366211e+13 9.829917344158859375e+12 1.576133707046035000e+14 3.850249601654330469e+13 3.749013859536170000e+14 -4.175520565021860000e+14 -5.791367373523552344e+13 -1.153475664929242344e+14 -2.737434167238216250e+14
-2.132494172995426875e+14 -1.304913065050842750e+15 -6.850972527300778750e+14 -2.273255089594994062e+14 6.291758015665970000e+14 1.023045618285887000e+15 1.662638071114499688e+14 -1.053228193805980469e+14 -3.275380266256572500e+14 -5.871564859383972500e+14 1.086114327006783750e+15 -2.188476306214083250e+15 2.442846200484266500e+15 8.874614814095914062e+13 3.646345315786339375e+14 1.859491157633082250e+15
1.625760141617851250e+15 6.782157897477523000e+15 3.107438695854941000e+15 -2.288929889683179062e+14 -3.521260444063389000e+15 -3.310996747857410500e+15 -1.259867785331117250e+15 2.293630188700865938e+14 2.450500909819147000e+15 6.382450149995438750e+14 -9.438853301294852000e+15 6.943785718781650000e+15 -9.795679763880142000e+15 9.233194929449413750e+14 -2.872985695532583750e+14 -9.336603977543274000e+15
6.285443505936922852e+12 -6.187972195747976074e+11 -4.085762475890574951e+11 3.349750987439995117e+12 1.240964457849127655e+11 -3.920820922500306152e+12 -1.575643138647790771e+12 -4.837764687337039062e+12 -1.479891379623374023e+12 6.363250688669197266e+12 5.197194130009696289e+12 8.089269781932596680e+12 -1.626662261678233594e+13 -1.748398519534446777e+12 -1.750479574839026855e+12 -1.263900575802851562e+13
-4.664687305641650000e+13 -1.441648482476077539e+13 -2.056290422454380859e+13 -4.338252397324092969e+13 3.131429432297919434e+12 6.405846526298810156e+13 7.301061070232163086e+12 1.451528469492728320e+13 1.918833043119152734e+13 -7.705355789636240625e+13 -4.548723507047878125e+13 -1.022294233190020469e+14 1.499091674314428438e+14 1.180463883209183008e+13 -3.294192582152970215e+12 9.267775298009296875e+13
2.361273676994783125e+14 2.527169269483766562e+14 1.678904243352984375e+14 1.745521794622825938e+14 -1.120279318307691875e+14 -4.385612248767778750e+14 -3.132025545471782227e+12 -6.874832194822750781e+13 4.944652903337103125e+13 3.128695276484693750e+14 -1.096485626091077188e+14 5.714669788642101250e+14 -1.005678783775349375e+15 -6.624197161274370312e+13 5.912287752848281250e+13 -5.923113855496466250e+14
-9.180043753851353750e+14 -1.429588251762327250e+15 -5.616862104367163750e+14 -2.117465814780394062e+14 7.187065489090378750e+14 1.562587070574416000e+15 -8.277955949575389648e+12 5.264793284041996250e+14 -8.911563075429350000e+14 -4.484896762365161875e+14 1.889774579419931000e+15 -1.722056509565486000e+15 4.361502915051367000e+15 1.281214910541448828e+13 -2.532237218794516562e+14 2.742627065524276500e+15
6.190524480199330078e+12 6.125164957409974609e+12 8.569416212601469727e+11 -1.118752499104631104e+12 2.923800240312287109e+12 -2.540234492342645508e+12 1.716627778360948975e+12 -2.620409270964604004e+12 -4.836934943755193359e+12 5.469586601640958984e+12 6.730405591742418945e+12 -4.157796639183083984e+12 -2.313006377499267090e+12 9.186993839020466309e+11 7.080246854408868164e+12 7.612291790880307617e+11
-6.210593829357416406e+13 -6.776295182438472656e+13 -4.610578466831367188e+12 7.237379300725670898e+12 -3.774867461302868750e+13 1.165119848440692188e+13 -1.517522260267953516e+13 2.623446795907174609e+13 4.772065252659215625e+13 -3.952712895192310156e+13 -7.789773548679009375e+13 4.280199890802079688e+13 3.737869893614978906e+13 -1.968677404260719482e+12 -8.241978346660992188e+13 8.971481686782712891e+12
3.158211585655598125e+14 3.707003718531985000e+14 -5.511250125646215625e+13 8.227376869562064062e+13 3.475156265386940000e+14 -7.560257187813307812e+13 2.284071657754985312e+14 -2.864337843829599375e+14 -1.864510311269481250e+14 6.218120018473718750e+13 5.686873841238847500e+14 -3.073899963349615000e+14 -4.364824204416183125e+14 1.672566204163672461e+13 3.929103043535194375e+14 6.054688106711431641e+12
-9.621530117362213750e+14 -1.127441640386179500e+15 4.846548936695366250e+14 -7.660125565219896250e+14 -1.659976091585190000e+15 5.148777933760242500e+14 -1.517026859364022250e+15 1.638797425379828250e+15 3.826491949771129375e+14 3.418511232473909375e+14 -2.458246668314519500e+15 1.311011741513446250e+15 2.312428379963422000e+15 -2.292747011226835625e+14 -9.744258066531866250e+14 -5.849291890228477500e+14
-1.405135716144269141e+13 -1.281891796165933594e+13 8.965265848906214844e+12 2.164122630832489502e+12 -7.415287635465118164e+12 4.208341865833545898e+12 -8.470526603138111328e+12 -1.114038266428333252e+12 1.350118689830890430e+13 -6.674992700807949219e+11 -1.780085622465694531e+13 2.123968329919489062e+13 -1.217004079947037695e+13 -3.113852426046959961e+12 -2.439850618490458594e+13 -6.121565230464852539e+12
1.590049478309286562e+14 1.191182406583508594e+14 -8.967728223542646875e+13 -1.906396156379748047e+13 8.344786565510362500e+13 -6.847712438152887695e+12 4.761162368638484375e+13 3.754469848514681152e+12 -1.332955123160475312e+14 7.348567419974144531e+12 1.763918157824056875e+14 -2.097504436499754062e+14 1.017894579445110000e+14 -8.293931746888477539e+12 2.700945818354980938e+14 -2.069386783990036328e+13
-8.397726664537528750e+14 -4.172549202645720625e+14 7.649784319877765000e+14 -1.182849720263830469e+14 -7.270106867812001250e+14 8.743685051954826562e+13 -5.682394274682047500e+14 1.506385897284247500e+14 7.390589502219001250e+14 1.781630033129580938e+14 -1.637271470773301250e+15 1.076436772842243250e+15 3.154571337089305469e+13 8.361827049535485938e+13 -1.309232454263578500e+15 -3.528201542315594531e+13
2.537928271743175500e+15 2.960026888090976250e+14 -3.835981376293796500e+15 1.355610050431205500e+15 3.543911203776521500e+15 -1.184578724533607250e+15 3.982799970733269000e+15 -1.269294194031768500e+15 -2.636555048658427500e+15 -1.646298286508057750e+15 8.656695809191072000e+15 -3.161053968181535500e+15 -2.295611412196867000e+15 8.425666331382706250e+13 3.580267205292857500e+15 2.240309362643515000e+15
4.634922613023970703e+12 3.776994973701765625e+12 -7.445010534859816406e+12 1.734794168167463989e+11 3.657610804248325684e+12 3.341546028299573898e+10 6.046383090646823242e+12 3.188482754325000488e+12 -5.642164286001380859e+12 -6.079457369587402344e+12 6.969540043898594727e+12 -1.490834237656369336e+13 1.451090891961762305e+13 1.748009248551125000e+12 1.266982737770118555e+13 4.983232672902285156e+12
-6.277302578684877344e+13 -1.949016858593256250e+13 7.146149575444004688e+13 -4.771175960706122070e+12 -3.720842760986424219e+13 -1.455184686096232617e+13 -2.815160618904491406e+13 -2.143830591541303906e+13 4.975873547722178125e+13 4.680484269517123438e+13 -6.198653466253975000e+13 1.528684993875557500e+14 -1.435467441703375938e+14 7.903705405961467773e+12 -1.328941359531575156e+14 3.908747495718935547e+12
3.714433664608074375e+14 -9.776810251075965625e+13 -5.325907489653261875e+14 8.891193235341028125e+13 2.883912802301028750e+14 4.252753899846000000e+13 2.333006332186332500e+14 1.249513418592961562e+14 -3.696817248296535000e+14 -2.673958559359299375e+14 7.993051695963916250e+14 -7.214754676941080000e+14 5.481196999516921875e+14 -1.043888766448740625e+14 6.522346280669808750e+14 3.079175046249445703e+13
-1.196924051433683750e+15 1.157908221172684500e+15 2.533141901278844000e+15 -5.513821942075533750e+14 -1.374703360238073000e+15 3.692721018138700000e+14 -1.678209078498785500e+15 -5.579920333310620000e+14 1.726000727269861250e+15 1.129395321492543500e+15 -4.851457007974371000e+15 1.736166178002358500e+15 -9.574666019011096250e+14 3.604938054681841250e+14 -1.895161648217369500e+15 -1.252161309045182250e+15
4.789685256877223633e+12 5.335544335847066406e+12 -1.000376095312518555e+13 3.068714603650950684e+12 5.337313756526237305e+12 -3.584107215059635010e+11 3.960300820159092773e+12 5.668642613830633789e+12 -1.124673434694215625e+13 -6.519996295518633789e+12 6.827961422012817383e+12 -1.961428717272302344e+13 2.310333825304464453e+13 6.965240456674312744e+11 1.704490626424065625e+13 9.739540531249716797e+12
-6.939508905721193750e+13 -4.218494412763814844e+13 9.354135869241500000e+13 3.717219414002175293e+12 -4.920584720421438281e+13 -2.166022249597944531e+13 -7.589160509160373047e+12 -4.349437202323027344e+13 1.081087271643884531e+14 6.015978858991949219e+13 -5.764691224065847656e+13 2.136855474288341562e+14 -2.287459067675645000e+14 4.130038785729702344e+13 -1.827399538958334375e+14 -3.341739588284621875e+13
4.264782756162072500e+14 6.313887612714769531e+13 -6.742461908134036250e+14 4.102116991961453906e+13 3.899866562419762500e+14 1.020277677605616719e+14 2.019495790756085000e+14 2.077278243071807812e+14 -7.221513486420642500e+14 -3.843546223804599375e+14 8.152235318339795000e+14 -1.130565812799039500e+15 8.948286237854447500e+14 -2.592521231067945000e+14 9.150425014133472500e+14 2.574263949839721250e+14
-1.459513691951282250e+15 5.239729201601463750e+14 3.148782752092262500e+15 -7.779980650624345000e+14 -1.933973365514793750e+15 1.341156250728886094e+14 -1.919720377175902750e+15 -6.665122613569061250e+14 3.149836645607672500e+15 1.698524827419843250e+15 -5.170326775427838000e+15 3.334696905065326000e+15 -1.672969158485991750e+15 5.586028277110913125e+14 -2.668123283897608500e+15 -2.210458896028930250e+15
3.330726425137190430e+12 4.306565696163876343e+11 8.533062212362368164e+12 -3.689388643018283203e+12 -1.509935221947656250e+12 -2.537833532381801270e+12 -2.436007711464335938e+12 -8.887063174362613281e+12 7.271438286990008789e+12 1.075142227826375000e+13 2.261697444212457520e+12 1.971565644185766406e+13 -2.666541035088503516e+13 -3.494032726405140381e+11 -9.422040115436517578e+12 -1.041087559588449414e+13
-9.606485180894443359e+12 -2.734551091601618750e+13 -8.595065772105571875e+13 -6.981998236745501953e+12 1.218623121881527344e+13 5.058710839539900000e+13 -4.255359583744202637e+12 6.668489131029489062e+13 -6.501881518144142188e+13 -1.129387161790961250e+14 -2.778715059614987109e+13 -2.256535731903707812e+14 2.748670022691249375e+14 -5.509698425231664062e+13 8.160584825754151562e+13 5.381145592682756250e+13
-8.317895563240296875e+13 3.083432590629131875e+14 6.171913686152390000e+14 -7.878675279553661133e+12 -1.638205866915715312e+14 -2.893037882185023750e+14 -4.362621619411417969e+13 -4.073839947196590625e+14 5.675502499246510000e+14 6.194459419462877500e+14 -3.104573282401882500e+14 1.233948330407250500e+15 -1.434585090432683500e+15 3.604332350205240625e+14 -4.112945909304476250e+14 -2.926360731874649375e+14
6.347514277629407500e+14 -1.611610191414605000e+15 -2.803853894084476500e+15 6.676537795955316250e+14 1.030642897798310500e+15 6.610203050402166250e+14 9.298942346508901250e+14 1.786806650908562750e+15 -3.013636025325832500e+15 -2.147685837219248750e+15 3.163131835622488000e+15 -3.760308726646126500e+15 4.612777405888394000e+15 -1.012318038903097500e+15 1.336689243485191750e+15 1.711952558716450250e+15
-3.676559755809672363e+12 -1.581317443881200195e+12 -8.967763358764448242e+11 -2.138706431427605438e+10 -2.187410986741456787e+12 8.705878129054753418e+11 -7.410816257239218750e+11 3.373321662802442871e+12 -2.458068446842726135e+11 -2.328542918953044922e+12 -3.504351625753607910e+12 -3.114680386483259277e+12 3.669629216556961426e+12 -9.620843514007339478e+10 -1.476712094980499756e+12 1.422115523721776855e+12
3.110473900027921094e+13 2.221669191115016016e+13 1.451947684842018359e+13 1.416551979950463672e+13 1.993879117305594141e+13 -1.726716150095326172e+13 7.823733739018121094e+12 -2.814903086521443750e+13 3.559573117848443359e+12 3.476773474719000000e+13 3.225300493689962109e+13 3.690450001836331250e+13 -4.010185100566172656e+13 1.955361353442518359e+13 2.833791085731707031e+13 -1.232399705984552344e+13
-1.071536019326592656e+14 -1.352180603324238750e+14 -1.185434389091623438e+14 -4.528653101688537500e+13 -6.876770597702821875e+13 1.181858875772805781e+14 -3.422869414846716406e+13 1.706165526199521875e+14 -7.772137204252117188e+13 -2.095673627036592500e+14 -1.282787991503436719e+14 -2.323785010269178438e+14 3.368842752197933125e+14 -1.204305979709014844e+14 -1.469699073901751250e+14 4.170276950596455469e+13
1.514082426413327500e+14 4.669387929245683125e+14 5.012475005519610000e+14 -8.659126754514553125e+13 9.909403140028714062e+13 -4.091867113273520000e+14 4.341521009136342188e+13 -7.062666850006508750e+14 5.367477906325307500e+14 6.972100093693061250e+14 2.472477141958413125e+14 8.696268827579167500e+14 -1.615179693878286500e+15 3.171161778495102500e+14 3.626312172487070625e+14 -3.465361714817426953e+13
-7.166275315570497131e+10 1.006871239916778412e+11 1.484030926510734863e+12 -8.924675575737156982e+11 -9.531301820222446289e+11 2.729866929253238220e+11 1.980585971923561096e+11 -1.105346847105742920e+12 1.293506024365669678e+12 2.337606838329159241e+11 -1.116760589943679688e+12 3.463885129685360840e+12 -4.483383636572256836e+12 -5.083234126259035645e+11 -2.345685831491671875e+12 -1.542219091003481689e+12
6.432167696103968750e+12 -6.268775005059970703e+12 -1.581819171119996680e+13 -2.060842881552102783e+12 1.038743907448841602e+13 1.576480743012857910e+12 -7.920568066486304688e+12 1.168224684618609570e+13 -1.683334860831620117e+13 -1.775898696651927490e+12 1.560175056723084570e+13 -4.001244549570257031e+13 4.661351426682454688e+13 -7.352720809443868164e+12 2.442269325186872266e+13 9.960394873574062500e+12
-4.395527960002200781e+13 7.127802231652375000e+13 1.064864772624431719e+14 4.529957817225738281e+12 -8.045585178887321875e+13 -1.287011794100992578e+13 2.899217947375558594e+13 -6.480247894602033594e+13 1.201865085907169375e+14 3.282652851157502930e+12 -1.660900045066670312e+14 2.274353356243207812e+14 -2.365522502792995625e+14 5.920949713416076562e+13 -1.203942670982462344e+14 -7.178946526360189062e+13
1.394487673780896250e+14 -3.757978787078453125e+14 -4.524624764489935000e+14 1.279462617649937500e+14 3.761278261506660000e+14 3.745095507966510254e+12 5.495521102453853906e+13 2.204565514113513750e+14 -5.177478311984817500e+14 -2.905819700814395142e+11 8.912408204454177500e+14 -7.414181710519572500e+14 7.261252190017672500e+14 -1.825317692195559375e+14 3.402754570840424375e+14 4.027576153295869375e+14
-1.674804811452232422e+12 -2.305495129158821777e+12 9.090053783235424805e+10 -1.476429995536088867e+11 -6.289591653460345459e+11 -6.720757169829744873e+11 -5.268205238781488647e+11 1.787676356614366943e+12 1.613739253559012756e+11 1.052980401531028198e+12 6.247966423983073730e+11 -2.747928007766217773e+12 1.747114692874200195e+12 2.135222541078983398e+12 -6.458479003938767242e+10 -3.044151144932195435e+11
7.322792277373936523e+12 3.660659620795859375e+13 2.966877931360058594e+12 1.419680427172868555e+13 4.059654408149224609e+12 -1.662669778943808365e+10 9.193525088192009766e+12 -2.203567099185141016e+13 8.858179945195613281e+12 -7.761412611735431641e+12 -1.829802198843316406e+13 3.328545202811529297e+13 -1.388710028499718359e+13 -5.798727523352840820e+12 6.931254172461059570e+12 3.561101597694106445e+11
-1.092447664882777148e+13 -2.563269849069892500e+14 -4.028778245113118750e+13 -5.790971877970567188e+13 9.194945867750138672e+12 1.491145832365640625e+13 -5.386726082878133594e+13 1.270740339368900000e+14 -8.914665432897542188e+13 4.798200086800115625e+13 1.805754135954197188e+14 -2.214072118733010000e+14 1.263041253946958906e+14 -2.599577350454683105e+12 -5.650800240632032812e+13 8.026316817908989258e+12
-4.601172631889903320e+12 9.809970165768015000e+14 2.166653241276385312e+14 -7.561823871118833008e+11 -1.493434521345686562e+14 -2.918032914211856250e+13 1.079451383309912500e+14 -4.321588443650776250e+14 4.146907641011820000e+14 -2.102218030948054375e+14 -8.727452581028893750e+14 8.610973004785562500e+14 -6.760695753156786250e+14 3.858145556035664844e+13 2.351114067208271875e+14 -3.833055625223939844e+13
1.086837124382628418e+12 1.780237743477784912e+12 -1.229142193737523926e+12 1.137977184819465332e+12 1.391243440772985840e+12 9.836663362570885010e+11 4.931151835264763794e+11 -7.916188408806838379e+11 -7.990190551993209229e+11 -1.748543781475562012e+12 -1.041309840361754150e+12 -7.161351490192928467e+11 3.047168073027341309e+12 -1.893628469637598145e+12 1.674324381137359619e+12 2.198357707254829834e+12
-4.737994358631264648e+12 -2.448093276666889453e+13 1.031621007537789648e+13 -1.348438956732718555e+13 -1.296010894523928516e+13 -7.145177522644181641e+12 -3.520666856999547852e+12 1.459838204415643945e+13 -1.721867237303293945e+12 1.529811308488746094e+13 1.824727805924768359e+13 8.935969534130449219e+12 -3.880611587078314062e+13 1.433543332985029492e+13 -2.196618810107044141e+13 -1.574640915001666797e+13
3.830347497790218262e+12 1.613734308724788750e+14 -5.204285471926935938e+13 5.834050904611596875e+13 5.927192000029680469e+13 3.128595212797276562e+13 2.907582340977237500e+13 -8.742053254550581250e+13 2.386195828399381641e+13 -7.979218241910760938e+13 -1.087119510154631406e+14 -2.359184079167865625e+13 1.790448452076260000e+14 -6.348902540239860156e+13 1.364128034187126406e+14 8.721312501664956250e+13
2.243289134254059375e+13 -5.932944374996313750e+14 1.703287203344823125e+14 -1.323200628168086094e+14 -1.571367108655050938e+14 -9.795484386171342188e+13 -1.372126130904636562e+14 2.709190362849998125e+14 -6.588055691565933594e+13 2.787423040428191875e+14 3.620928740942098125e+14 -5.664213833130815625e+13 -4.103097552830823750e+14 1.917686261770121875e+14 -4.965448272970150000e+14 -3.815947509423683125e+14
9.726767662484727859e+09 -2.224497862053872986e+11 3.262376806319317627e+11 -1.970830411534020996e+11 -6.110435659894622040e+10 -3.430445573205260620e+11 -1.363268982869001617e+11 -1.347125116886088562e+11 7.706615256309393311e+10 4.936749143800011597e+11 6.761509172744136963e+11 4.097199376717108765e+11 -6.999237831075191650e+11 4.207741556759533691e+11 -2.988253972412495117e+11 -5.990469684179810791e+11
-1.207632985809688232e+12 2.050669200373250000e+12 -3.553596565688011719e+12 1.221384263863684082e+12 5.819287184951796875e+11 3.684026646554803711e+12 9.415657686924008789e+11 -6.137879602169239502e+11 1.522033159508447754e+12 -5.630258534749947266e+12 -7.839487785828874023e+12 -5.463225463650393555e+12 9.265549882465298828e+12 -4.323201424428021973e+12 2.789468528760302734e+12 5.044392423305352539e+12
7.802356482222430664e+12 -1.601901233619715625e+13 2.294753515216826953e+13 -6.631220254983513672e+12 -4.938243803125889648e+12 -2.045134541937042188e+13 -7.616115311180317383e+12 6.335251210415830078e+12 -9.282505506440302734e+12 3.241540636775856641e+13 4.265881587643375781e+13 3.063272763966027734e+13 -6.114246158553717188e+13 2.244788996104142188e+13 -2.036976891876502734e+13 -2.800962983196287500e+13
-2.528377126749756250e+13 8.224724279647554688e+13 -8.734811092087900000e+13 2.690630719969657422e+13 2.016734145772208984e+13 6.230226509214232031e+13 4.191299430248793750e+13 -1.754254558153264062e+13 1.740594023000387891e+13 -1.106210443392474844e+14 -1.407594615725448750e+14 -9.275761979380946875e+13 2.384099608839667500e+14 -7.087832946571010938e+13 9.371534015066857812e+13 1.079643568539844375e+14
