# 2pt_theory
2.333166263254937512e-06
2.051348037863311049e-06
1.781849215539559295e-06
1.528557201059812737e-06
1.295021844527276452e-06
1.084168336067863273e-06
8.980045304645568502e-07
7.373544080586555731e-07
6.017735311325597218e-07
4.896468288697290646e-07
3.984418600587523595e-07
3.250813886338980724e-07
2.663334805672159316e-07
2.191433270749189663e-07
1.808516230741768384e-07
1.493013010382833494e-07
1.228535351562442038e-07
1.002865413415058760e-07
8.075185219511732153e-08
6.379947448624736308e-08
2.761558600789342080e-06
2.285384947756983491e-06
1.876694469058347776e-06
1.533735896595171522e-06
1.251627836280709872e-06
1.023170115571530309e-06
8.398821879967956445e-07
6.930562572977324133e-07
5.746204093477056428e-07
4.777050351353382324e-07
3.968913994473291059e-07
3.282027120125739179e-07
2.689332997394905369e-07
2.173591908266077093e-07
1.724319597846293585e-07
1.335896232838572605e-07
3.696823220453969710e-06
3.051841992236852451e-06
2.505655145299304832e-06
2.052214142904037280e-06
1.681819625420946652e-06
1.382518285679400092e-06
1.141583898716194985e-06
9.468297709139637718e-07
7.875621444051853980e-07
6.551055837767517774e-07
5.429196660704928345e-07
4.464152293948495975e-07
3.626224230195375051e-07
2.897823500331786440e-07
2.269358516777245642e-07
1.735928510103640307e-07
5.005301474820442267e-06
4.168447131298550900e-06
3.447729138239001430e-06
2.838855623178098526e-06
2.333105956698780324e-06
1.918489703458487873e-06
1.581226861270989266e-06
1.307241571483442446e-06
1.083433671481046247e-06
8.985563452580366199e-07
7.436392704118718941e-07
6.120024300821897787e-07
4.989864205438879887e-07
4.015656477013188758e-07
3.179345215178655982e-07
2.468257665495445877e-07
1.864454134454249169e-07
7.371342420978001373e-06
6.041667467620580322e-06
4.935308424126367211e-06
4.033440350802692722e-06
3.309155933054872631e-06
2.731664073014642707e-06
2.270230430879016003e-06
1.897159639389886979e-06
1.589546398253542107e-06
1.329904489161484127e-06
1.105937565061967524e-06
9.097632558815361630e-07
7.368682637443573659e-07
5.850284271139507102e-07
4.533258165304440731e-07
3.413268849012327054e-07
1.124182738911219272e-05
9.210582049941372891e-06
7.544460970847901175e-06
6.199606002080271057e-06
5.123579117409160864e-06
4.262458023735401775e-06
3.566480811693895347e-06
2.993637859176983114e-06
2.511224030242834940e-06
2.095777874587750134e-06
1.731937757088961275e-06
1.410718951818036391e-06
1.127599199508744259e-06
8.807748547708688534e-07
6.698057025652789386e-07
4.945754767413281848e-07
1.280808461837872042e-05
1.051205054192754487e-05
8.632695866646638070e-06
7.115203870613217056e-06
5.897271566235788391e-06
4.916885494684966312e-06
4.118212613863067841e-06
3.455105106052173268e-06
2.892354954743829083e-06
2.405223995331016426e-06
1.977879671931378580e-06
1.601305739009126342e-06
1.271081075257218765e-06
9.855099774184141698e-07
7.439954883391712978e-07
5.443690149645075961e-07
1.995476044198015678e-05
1.639510632836192874e-05
1.351795259598981230e-05
1.121190163321203909e-05
9.362093814069886481e-06
7.862442489852986493e-06
6.623357358479899734e-06
5.575171852964471910e-06
4.668067412186512618e-06
3.869650672049905680e-06
3.161298488239881146e-06
2.534063759126355238e-06
1.984831115406407613e-06
1.513158140660955222e-06
1.119212364598953276e-06
8.034362662674707245e-07
2.391898167572624662e-05
1.970603828216254948e-05
1.630686621229797468e-05
1.357785024829948798e-05
1.137699129840419488e-05
9.577336384129259380e-06
8.074711901232678926e-06
6.790388582228430926e-06
5.669810810260771321e-06
4.678883711316662521e-06
3.799086315362152100e-06
3.022323820538496816e-06
2.346300648321377119e-06
1.770951961758271285e-06
1.296547164506660787e-06
9.224124039789045894e-07
3.746560761759281809e-05
3.094796640487191929e-05
2.563919737470028967e-05
2.134949118915127121e-05
1.788095195778121392e-05
1.504881125999784303e-05
1.269543995243030598e-05
1.069697428590833783e-05
8.963906022528354467e-06
7.437370622205204411e-06
6.083011237084469547e-06
4.883930649388677642e-06
3.833963073654846503e-06
2.931833936622961710e-06
2.177669984643476834e-06
1.571490751662716801e-06
1.097891247549718258e-06
2.190146259145472393e-07
1.924382910768102339e-07
1.659497968057951497e-07
1.407210063426055061e-07
1.176641419474209985e-07
9.736077307216256616e-08
8.005680837087888677e-08
6.569072028168400199e-08
5.403356956189344462e-08
4.477918593833128971e-08
2.448019722936721213e-07
2.012374659363552019e-07
1.655449721562286051e-07
1.369069672221098090e-07
1.142017143746879365e-07
9.626087576789205242e-08
3.258485078378578930e-07
2.688726910330459505e-07
2.227295396478260234e-07
1.859103834784318577e-07
1.566791001146861055e-07
1.332497752996011748e-07
4.456151274889312344e-07
3.699325914275718092e-07
3.072150885265244051e-07
2.561776851468102137e-07
2.150509110872143033e-07
1.817573470591119601e-07
1.540896682354540749e-07
6.392980685924436888e-07
5.260520154338241558e-07
4.366057797015628516e-07
3.667083569138800974e-07
3.119056911346420590e-07
2.680986831355892877e-07
8.085165201702543293e-07
6.790194455442962779e-07
5.775914646376162695e-07
4.969238800693753582e-07
4.306914422459326185e-07
9.308596803446640748e-07
7.858502982777800957e-07
6.713181139573586604e-07
5.789154622105996557e-07
5.009954269698434906e-07
1.467094645036658585e-06
1.253125227930795872e-06
1.082789939645795561e-06
9.426742331996281023e-07
8.227277014095139413e-07
1.783497875011670814e-06
1.532618668258364220e-06
1.330228523518322764e-06
1.160909819253120460e-06
1.012457066364106588e-06
2.763812074519343935e-06
2.369408060094396888e-06
2.052974920549763504e-06
1.790891222979691016e-06
1.564934861487112954e-06
1.354183480351227391e-06
