# 2pt_simulation
6.453793752614385330e-06
1.034034018359696901e-05
-3.161936749121651258e-06
-3.173787681291646677e-07
4.202095818637977425e-06
-3.586526860040058637e-06
2.581030126238555558e-06
-8.083724831846193929e-07
1.661339629085600888e-06
4.457094633490528507e-07
2.549602434776906191e-07
-4.703372667474318752e-07
9.430792049854050661e-07
8.102215175837395407e-07
5.095076225691587768e-07
3.628055887682117544e-07
3.540729890351493097e-07
3.221007363987904987e-07
4.296873169764877021e-08
2.412983630152148966e-07
1.310650724392421450e-06
3.254736856654445836e-06
1.104928653720837604e-06
2.670736653268835956e-06
2.027457778981634540e-06
8.168684227376915568e-07
1.456219172707015873e-07
4.996444838166089554e-07
4.413729655463683289e-07
4.308136911436854014e-07
3.874584897369559085e-07
5.766120656281566156e-07
3.922269467037402759e-07
3.345726206935832795e-07
2.523715365811363772e-07
1.582105388679685358e-07
1.911207285335831276e-06
3.864901635567984025e-07
2.815648972271241940e-06
1.917167053329440612e-06
2.012691227909708154e-06
-1.066018699125309000e-07
2.348232112953832197e-06
7.674998056190829256e-07
7.492380278774051605e-07
8.196698927058641191e-07
1.023954576501133739e-06
5.479128251140054645e-07
3.853050600084633158e-07
5.079317301092830775e-07
5.305112506986304309e-07
4.114167580864953051e-07
1.998191082705438508e-06
3.507688301975812147e-06
1.851763380101185218e-06
3.906138408194445894e-06
2.203635400802755617e-06
6.314345441672279705e-08
1.240233281844995541e-06
1.116952891406838565e-06
1.384441340803996756e-06
1.043391966333720300e-06
1.088304327694045401e-06
5.470568633533769896e-07
6.085674510793246031e-07
7.411003505480650299e-07
4.370232437768536105e-07
4.713747215296794980e-07
4.021074716058266869e-07
9.133845801422371419e-06
4.033261827906991560e-06
7.339241227295824262e-06
3.894834964766174921e-06
3.407768797900306666e-06
1.928472550821657953e-06
4.335178971595230875e-06
7.433150704810996511e-07
1.274613632851110507e-06
1.075811287817349637e-06
5.803870702967426242e-07
6.526020551260529522e-07
9.101585648947947239e-07
5.842256644401740964e-07
7.207705738048816518e-07
3.747248397804523331e-07
1.032130637535705712e-05
7.772307898105421467e-06
8.920766683500007518e-06
7.643114475066398728e-06
4.846325062467143058e-06
3.545214789383811514e-06
3.699451651761079389e-06
3.647545663658200040e-06
2.628964094698791308e-06
1.694653768650313629e-06
2.028930233372538267e-06
9.842093722015260209e-07
1.052002345919321048e-06
1.076487309951427858e-06
8.645196336866808294e-07
7.022670721411917310e-07
1.487063096562972153e-05
8.730926763754918445e-06
9.773815690041437145e-06
6.238135699948623163e-06
6.299609221966836540e-06
4.623889622888210335e-06
3.862981170846087018e-06
3.782864263925334671e-06
2.638969237966698967e-06
2.251209427737923813e-06
1.707590919548945911e-06
1.121325289782892125e-06
1.484297079434004027e-06
1.461775286581252700e-06
1.293370185927735205e-06
7.525614883798822676e-07
1.975383228361732860e-05
1.098761026163418151e-05
1.072243894486363803e-05
8.492036790059499844e-06
9.445325656969156370e-06
8.316783614623835316e-06
7.720621272276187281e-06
5.425928293330653754e-06
5.048121129004926226e-06
3.773502161915645645e-06
2.818051028545412544e-06
2.507821026064409426e-06
2.078547965232886114e-06
1.958986677039933432e-06
1.294057841777384060e-06
1.070803461705526076e-06
2.056246329544561769e-05
1.818285388260700944e-05
1.698345476452370684e-05
1.380774262875162316e-05
1.126784475817692049e-05
1.001718841604412354e-05
7.757361510086698030e-06
6.811975561819418753e-06
5.779981011292199659e-06
4.595565483172163611e-06
3.538637453299209842e-06
2.945897026967710625e-06
2.826498159790329336e-06
2.203233189113036061e-06
1.777632837326993401e-06
1.342001432985794658e-06
3.054447220869738037e-05
2.634760227859022098e-05
2.935112938234163649e-05
2.125288228521187879e-05
1.751159402011260126e-05
1.543457160074388794e-05
1.354081388030312215e-05
9.614219757519573172e-06
9.130875926394366919e-06
6.851907635236743432e-06
5.876611255443035128e-06
4.718155647700866966e-06
3.826648311832743864e-06
3.127415580963251892e-06
2.996613780216960546e-06
2.434127655435352240e-06
1.687622639033439178e-06
3.171058225234336417e-07
9.483730006506219860e-07
1.184340257998150674e-07
3.696334394250071883e-07
2.693835625336035439e-07
1.452850205766521823e-07
2.698177318213162773e-07
1.190354746196807469e-07
-9.427314796968387757e-08
5.406285179406407402e-08
1.907254951907707236e-07
2.566527623727281918e-07
1.887322029523464763e-07
2.924716918743419421e-07
1.754674069446962258e-07
2.628457103173319504e-08
4.422524866716613380e-07
4.486914801725688264e-07
9.219199245470521278e-08
2.195232152374845453e-07
2.064357745332646901e-07
1.822247544371856927e-07
7.462328103535324492e-07
-1.791961067348124896e-08
3.375553680669265537e-07
5.333567194545814756e-07
4.821304947478184779e-08
3.011930089809112874e-07
-9.227924212057316113e-09
8.185599603747677219e-07
6.683093398761467580e-07
4.247787304477066971e-07
4.189806403703134897e-07
2.221218133284266941e-07
1.129856961629853509e-07
1.178067060993085928e-06
8.445821501967722918e-07
5.919008797574871769e-07
2.897834024204490470e-07
3.258937268682451190e-07
1.081381043762227040e-06
1.154572756563503690e-06
6.997613530939873566e-07
4.800248470221170754e-07
2.015048365414052131e-07
1.755479016083931725e-06
1.525840590716980706e-06
1.006494348402877091e-06
1.026610442917105463e-06
9.080117471341350525e-07
1.763599901470378467e-06
1.426092367488547366e-06
1.072581469355078033e-06
1.050675650625053490e-06
8.673144020156943384e-07
2.647185533487357954e-06
2.381436815260109851e-06
2.278216941947029418e-06
1.963034039265190779e-06
9.863126524213727728e-07
8.319404634228088395e-07
