# 2pt_data
2.955296991440287399e-06
2.552112289881705069e-06
2.173699196819043257e-06
1.826518089250277989e-06
1.515696532822400454e-06
1.244440746982273719e-06
1.013674855061005516e-06
8.219458279795690674e-07
6.657743817539142434e-07
5.403248377200272723e-07
4.401901921761592764e-07
3.601074475772464586e-07
2.954379792306433441e-07
2.424082373226002489e-07
1.981589150619106478e-07
1.606751637537519188e-07
1.286366914481068788e-07
1.011938421281950703e-07
7.781120270333047184e-08
5.816935537935218928e-08
3.069527032604271417e-06
2.500910426027574710e-06
2.030942390400870347e-06
1.649829899884476040e-06
1.344585819501899552e-06
1.101056770942297284e-06
9.057163347998228538e-07
7.469067944414152059e-07
6.154120479552725781e-07
5.044910725467309789e-07
4.095701897649735912e-07
3.277724839029311233e-07
2.574084066340219105e-07
1.974875108897167347e-07
1.473212371094677445e-07
1.063280585771653878e-07
3.893231008107912089e-06
3.172803509910421352e-06
2.581755052597374224e-06
2.104210759386808045e-06
1.721446625202178068e-06
1.414435055790604420e-06
1.165884219900634846e-06
9.614899121957955443e-07
7.903514135930427299e-07
6.447717168743598715e-07
5.196991517416621204e-07
4.120254744738458586e-07
3.199339527080890732e-07
2.422757437499994858e-07
1.782522873346272041e-07
1.267414022118176207e-07
5.199696450630172178e-06
4.264834649318433596e-06
3.482164021163707456e-06
2.838813865031657047e-06
2.316900354272766223e-06
1.896123934723225044e-06
1.556314905976012556e-06
1.279420167557223140e-06
1.050660867724800357e-06
8.588365834018572843e-07
6.960280959061352447e-07
5.569607844156086443e-07
4.382532725165480685e-07
3.377856958422671263e-07
2.541136880234171007e-07
1.857788515317271835e-07
1.308066630180954392e-07
8.162594938650977487e-06
6.637554721598195162e-06
5.413324956483153325e-06
4.438637664998878416e-06
3.661253716049453832e-06
3.033883306916857348e-06
2.517666525750071457e-06
2.083372408510789772e-06
1.710839557838265964e-06
1.387381598001426191e-06
1.105779138215300306e-06
8.622978514826198109e-07
6.549949044547408797e-07
4.824569671473994059e-07
3.429304462409408950e-07
2.340358539813951514e-07
1.203402725895877426e-05
9.828377418197712555e-06
8.065272309161698505e-06
6.656884816472583964e-06
5.521275685554838526e-06
4.589317375800457435e-06
3.807669006900866122e-06
3.138623549441753609e-06
2.557867655900501675e-06
2.051246855208288976e-06
1.611362644430607999e-06
1.234538676608639657e-06
9.184415292047431612e-07
6.604805249618630240e-07
4.570896090422694156e-07
3.032082882220656320e-07
1.343000503164195811e-05
1.099100842679772394e-05
9.037707276734721057e-06
7.470938904228039483e-06
6.200238208392733658e-06
5.150690759580547614e-06
4.265469856490432916e-06
3.505074941331997696e-06
2.844456513868518095e-06
2.269231062546520096e-06
1.771860768521669717e-06
1.348343517182963420e-06
9.957224601275881511e-07
7.105633567395084433e-07
4.878086329478371597e-07
3.201873552591513691e-07
2.085372013003566251e-05
1.718240881950326709e-05
1.423807200213395908e-05
1.185229758291727138e-05
9.883490970732839744e-06
8.222785621347561869e-06
6.793562002760795328e-06
5.546881116956931973e-06
4.454830859352484635e-06
3.503428629541078481e-06
2.686255152617634784e-06
1.999431695021944677e-06
1.438164181973834237e-06
9.949161117610412019e-07
6.594419759528314901e-07
4.192582205148114435e-07
2.449998272622996211e-05
2.025157761381165937e-05
1.682867489078453938e-05
1.403434673758158220e-05
1.170764750096021802e-05
9.728160059804791780e-06
8.013574333303549277e-06
6.513111550062732237e-06
5.199024296071094595e-06
4.058034996365649981e-06
3.083941153941544797e-06
2.271986469937439693e-06
1.615243035443973326e-06
1.102941517363424355e-06
7.217586646457383169e-07
4.524446685117323471e-07
3.734415310669009360e-05
3.087245087986665090e-05
2.564484709374226527e-05
2.138579885923800659e-05
1.785912833388442607e-05
1.487965441308767017e-05
1.231444793335311482e-05
1.007671261407207047e-05
8.115718873986880869e-06
6.405297261317977459e-06
4.933123993400907831e-06
3.691996997943106374e-06
2.673563723880728684e-06
1.865015533310031267e-06
1.248714024311717708e-06
8.027717924329306327e-07
4.876523872551238677e-07
2.779172768107716339e-07
2.369658242889342965e-07
1.988184436007924156e-07
1.647872940084352169e-07
1.355392294136607064e-07
1.111777391754580948e-07
9.137478750161885803e-08
7.551434798263098277e-08
6.288150607604258290e-08
5.278524886810408179e-08
2.724781919192111305e-07
2.247352620521693725e-07
1.867639850776526347e-07
1.565940775499020154e-07
1.323263916794763361e-07
1.123774578696013637e-07
3.478885055660495699e-07
2.885781636512568597e-07
2.413143834872181149e-07
2.034246013561874049e-07
1.725487892323795395e-07
1.465387219299670084e-07
4.655383359618012731e-07
3.854469092343879507e-07
3.207101100336775467e-07
2.685830217117887719e-07
2.262998511217256195e-07
1.912416529176570400e-07
1.613899199742659137e-07
7.336754836715808342e-07
6.148619641043097967e-07
5.206804720118303431e-07
4.443667114267838322e-07
3.804152523457622336e-07
3.249053827057572147e-07
9.341912559288571000e-07
7.977814512369237546e-07
6.842320652097707862e-07
5.862226642017126840e-07
4.987118010069644292e-07
1.055063608412659825e-06
9.021676110183879742e-07
7.735412094099449628e-07
6.612323156199740454e-07
5.601687207136063933e-07
1.698691210926419014e-06
1.463173793179088110e-06
1.258133163158829890e-06
1.073899160264986341e-06
9.047126748170510695e-07
2.027318246946262819e-06
1.748063483240499791e-06
1.501456558766398277e-06
1.277958357486722614e-06
1.069953820858636143e-06
3.030539434332415263e-06
2.615494321217129942e-06
2.253672344259644996e-06
1.928149857920427215e-06
1.628716157856905564e-06
1.345088778909067096e-06
