# bin_3_2
2.325748915490846055e-05
1.970153043217229966e-05
1.649157070320237642e-05
1.366633810313319568e-05
1.124182738911219272e-05
9.210582049941372891e-06
7.544460970847901175e-06
6.199606002080271057e-06
5.123579117409160864e-06
4.262458023735401775e-06
3.566480811693895347e-06
2.993637859176983114e-06
2.511224030242834940e-06
2.095777874587750134e-06
1.731937757088961275e-06
1.410718951818036391e-06
1.127599199508744259e-06
8.807748547708688534e-07
6.698057025652789386e-07
4.945754767413281848e-07
