# bin_2_1
5.259194563643367529e-06
4.561220188483864623e-06
3.905971470073682987e-06
3.303448532808961648e-06
2.761558600789342080e-06
2.285384947756983491e-06
1.876694469058347776e-06
1.533735896595171522e-06
1.251627836280709872e-06
1.023170115571530309e-06
8.398821879967956445e-07
6.930562572977324133e-07
5.746204093477056428e-07
4.777050351353382324e-07
3.968913994473291059e-07
3.282027120125739179e-07
2.689332997394905369e-07
2.173591908266077093e-07
1.724319597846293585e-07
1.335896232838572605e-07
