# bin_1_1
2.333166263254937512e-06
2.051348037863311049e-06
1.781849215539559295e-06
1.528557201059812737e-06
1.295021844527276452e-06
1.084168336067863273e-06
8.980045304645568502e-07
7.373544080586555731e-07
6.017735311325597218e-07
4.896468288697290646e-07
3.984418600587523595e-07
3.250813886338980724e-07
2.663334805672159316e-07
2.191433270749189663e-07
1.808516230741768384e-07
1.493013010382833494e-07
1.228535351562442038e-07
1.002865413415058760e-07
8.075185219511732153e-08
6.379947448624736308e-08
