# bin_4_1
8.181324532337630267e-06
7.019889923287645918e-06
5.957685779356959081e-06
5.005301474820442267e-06
4.168447131298550900e-06
3.447729138239001430e-06
2.838855623178098526e-06
2.333105956698780324e-06
1.918489703458487873e-06
1.581226861270989266e-06
1.307241571483442446e-06
1.083433671481046247e-06
8.985563452580366199e-07
7.436392704118718941e-07
6.120024300821897787e-07
4.989864205438879887e-07
4.015656477013188758e-07
3.179345215178655982e-07
2.468257665495445877e-07
1.864454134454249169e-07
