# bin_3_3
4.228414676015679254e-05
3.546949302394565259e-05
2.945715415364696612e-05
2.428930591088028000e-05
1.995476044198015678e-05
1.639510632836192874e-05
1.351795259598981230e-05
1.121190163321203909e-05
9.362093814069886481e-06
7.862442489852986493e-06
6.623357358479899734e-06
5.575171852964471910e-06
4.668067412186512618e-06
3.869650672049905680e-06
3.161298488239881146e-06
2.534063759126355238e-06
1.984831115406407613e-06
1.513158140660955222e-06
1.119212364598953276e-06
8.034362662674707245e-07
