# bin_4_2
2.658928426113826805e-05
2.247303393111772167e-05
1.878458325149458171e-05
1.555988838820400588e-05
1.280808461837872042e-05
1.051205054192754487e-05
8.632695866646638070e-06
7.115203870613217056e-06
5.897271566235788391e-06
4.916885494684966312e-06
4.118212613863067841e-06
3.455105106052173268e-06
2.892354954743829083e-06
2.405223995331016426e-06
1.977879671931378580e-06
1.601305739009126342e-06
1.271081075257218765e-06
9.855099774184141698e-07
7.439954883391712978e-07
5.443690149645075961e-07
