# bin_4_3
5.080758521923750743e-05
4.251318550104030061e-05
3.525846198019252486e-05
2.907267289758470405e-05
2.391898167572624662e-05
1.970603828216254948e-05
1.630686621229797468e-05
1.357785024829948798e-05
1.137699129840419488e-05
9.577336384129259380e-06
8.074711901232678926e-06
6.790388582228430926e-06
5.669810810260771321e-06
4.678883711316662521e-06
3.799086315362152100e-06
3.022323820538496816e-06
2.346300648321377119e-06
1.770951961758271285e-06
1.296547164506660787e-06
9.224124039789045894e-07
