# bin_2_2
1.487778656546228555e-05
1.270886423626809848e-05
1.071699470558428397e-05
8.931660632039559712e-06
7.371342420978001373e-06
6.041667467620580322e-06
4.935308424126367211e-06
4.033440350802692722e-06
3.309155933054872631e-06
2.731664073014642707e-06
2.270230430879016003e-06
1.897159639389886979e-06
1.589546398253542107e-06
1.329904489161484127e-06
1.105937565061967524e-06
9.097632558815361630e-07
7.368682637443573659e-07
5.850284271139507102e-07
4.533258165304440731e-07
3.413268849012327054e-07
