# bin_4_4
6.552150226223604540e-05
5.469685895383696449e-05
4.534957757422730516e-05
3.746560761759281809e-05
3.094796640487191929e-05
2.563919737470028967e-05
2.134949118915127121e-05
1.788095195778121392e-05
1.504881125999784303e-05
1.269543995243030598e-05
1.069697428590833783e-05
8.963906022528354467e-06
7.437370622205204411e-06
6.083011237084469547e-06
4.883930649388677642e-06
3.833963073654846503e-06
2.931833936622961710e-06
2.177669984643476834e-06
1.571490751662716801e-06
1.097891247549718258e-06
