# bin_3_1
7.219460642761682766e-06
6.213809908746101835e-06
5.283781769616684416e-06
4.441989306119197815e-06
3.696823220453969710e-06
3.051841992236852451e-06
2.505655145299304832e-06
2.052214142904037280e-06
1.681819625420946652e-06
1.382518285679400092e-06
1.141583898716194985e-06
9.468297709139637718e-07
7.875621444051853980e-07
6.551055837767517774e-07
5.429196660704928345e-07
4.464152293948495975e-07
3.626224230195375051e-07
2.897823500331786440e-07
2.269358516777245642e-07
1.735928510103640307e-07
