1.451861923956170324e-10
6.089200002990048559e-11
1.331148254695308506e-11
2.146875808383372752e-12
2.481114883522017848e-10
9.966870970220301940e-11
2.116978952844252875e-11
3.355934247211646300e-12
2.816555579403368271e-10
1.120601528485173318e-10
2.366945931922743408e-11
3.739799285568362695e-12
2.883020894846096423e-10
1.143919341438165523e-10
2.412503857557147310e-11
3.808347770701401206e-12
4.554910024920284758e-10
1.737351463283462828e-10
3.595868069745303538e-11
5.614691398860629974e-12
5.305902483027941300e-10
1.994019505346333051e-10
4.104611423699984280e-11
6.389857420730102690e-12
5.464034844238785360e-10
2.045685557354439534e-10
4.204834744493090190e-11
6.540646058734655427e-12
6.208740169915239153e-10
2.295998133449727561e-10
4.698382242557682379e-11
7.291708230164613248e-12
6.398361073405754281e-10
2.356675368116404720e-10
4.815002246541090618e-11
7.466570767450805412e-12
6.620440628865379572e-10
2.429300502550732633e-10
4.957085578503152651e-11
7.680938929905956081e-12
1.078149162086985604e-09
3.713493318295662247e-10
7.496029257730271950e-11
1.155107845836583532e-11
1.406731554978438669e-09
4.691818091742321345e-10
9.429952352458345848e-11
1.450111890753475234e-11
1.486772601025823102e-09
4.924424390467389878e-10
9.887998318209317020e-11
1.519829161637990720e-11
1.945328464541725840e-09
6.266791599350846564e-10
1.257170184427553286e-10
1.931320035582833069e-11
2.084123076181742673e-09
6.667440650883034210e-10
1.337251957650312358e-10
2.054025049073253997e-11
2.243928050105436084e-09
7.132697979953654193e-10
1.430843251689101979e-10
2.197743495475515642e-11
3.000122692768604908e-09
9.352311287404497589e-10
1.885087857814104281e-10
2.900788695304799108e-11
3.308404417033141488e-09
1.026142786235449494e-09
2.072064767537082422e-10
3.190526415237308190e-11
3.687960524330764472e-09
1.139638425638414192e-09
2.307365830154831356e-10
3.556134669566125335e-11
4.204116085355401447e-09
1.299580138890339046e-09
2.643220287382864387e-10
4.079726516683244402e-11
