# bin_1
0.000000000000000000e+00
1.344475231470017990e-03
7.939434922075065681e-02
1.618809282796328242e-01
2.328586006288401455e-01
3.049899897998327725e-01
4.935823914997428119e-01
1.110907027079462761e+00
1.208742947792362799e+00
1.198163152062389214e+00
1.218821530060333336e+00
1.368675133123515630e+00
1.657547945656641541e+00
1.772214089369162693e+00
1.786552815311178710e+00
1.847006059409907142e+00
2.052465821566830773e+00
2.401306304317750495e+00
2.615946989828462410e+00
2.657238181819181033e+00
2.678622548678575743e+00
2.726203037739419965e+00
2.784628124310713826e+00
2.822923060351993474e+00
2.852098130784556318e+00
2.848209266531601891e+00
2.777211977825301048e+00
2.660868525358920600e+00
2.569359101526968558e+00
2.529853783325405558e+00
2.468781028085696327e+00
2.371556737365063228e+00
2.247375534974593414e+00
2.153509644744073359e+00
2.110681138823894631e+00
2.109013839021242731e+00
2.101118141067132239e+00
2.084195498519385126e+00
2.048686621104446104e+00
1.987267542543538879e+00
1.893228786881202330e+00
1.790247643820582990e+00
1.668588696890331846e+00
1.544694882969746885e+00
1.451543816737766113e+00
1.365611930638160887e+00
1.273575565402870646e+00
1.148398088057203559e+00
1.010861956497896008e+00
9.650361784487626604e-01
9.221878210292221434e-01
8.963860880971570300e-01
8.688655002119722859e-01
8.518780189692485294e-01
8.503329187609131035e-01
8.419801607324983728e-01
7.533430204030741040e-01
5.770928968104205303e-01
4.705979788721705304e-01
4.475406082384010831e-01
4.401776517720817905e-01
3.965353527888786922e-01
2.868246302426064043e-01
2.401146677788198180e-01
2.353979199683129409e-01
2.345497192457396407e-01
2.221494841528216801e-01
1.868609923617960134e-01
1.743996630813479110e-01
1.746700204254237609e-01
1.723180196569716882e-01
1.409714505860402145e-01
6.623061029209467709e-02
4.027198871915829703e-02
3.910984073814317147e-02
3.932334605139358591e-02
3.618792024055061951e-02
2.835440191200133686e-02
2.561613012759082764e-02
2.565801247087567613e-02
2.583831256757471162e-02
2.306793226677078534e-02
1.587519598304448429e-02
1.242948488335479836e-02
1.198151616217841761e-02
1.166989053100575199e-02
7.735796514467505568e-03
-2.228293836043994999e-03
-6.633032243222157336e-03
-6.819151057726974101e-03
-6.505861258955752610e-03
-4.630019371173348108e-03
-9.788588835917761202e-04
6.072414012129893814e-04
1.043052687803237800e-03
1.357908145025651546e-03
1.680140745834205048e-03
3.194209561512585064e-03
4.286322912247760367e-03
4.916898202322507981e-03
5.500972867909699644e-03
3.710632888097066106e-03
-1.783334249789376384e-03
-3.695495654474968607e-03
-3.300715011820630918e-03
-2.742385511694219076e-03
-1.713887345822715175e-03
-5.027892136549316985e-06
8.192150867208040227e-04
1.046067074197864783e-03
1.205119748743259172e-03
1.533785826703887821e-03
2.129035684582618933e-03
2.406030633892056875e-03
2.447741373984144674e-03
2.527777868821099415e-03
3.389225510130390237e-03
5.487111331324153254e-03
6.418153572950912635e-03
6.595870388397236453e-03
6.700581230657838908e-03
6.551858825178354280e-03
6.172170114243677279e-03
5.984522805103768307e-03
6.133750454047323490e-03
6.368081455165238228e-03
6.953944657184300132e-03
7.877426003258504450e-03
8.537319310390928048e-03
8.753250604783654326e-03
8.794785943988405949e-03
7.326181871283787492e-03
3.752834351364484414e-03
2.192112508857231926e-03
2.183738832531848754e-03
2.399433103121783109e-03
3.785848409922624568e-03
6.712019412087363857e-03
7.971568524350073834e-03
8.234919763216184962e-03
8.645216298308954633e-03
1.128132841596327096e-02
1.713089810323100218e-02
1.975211607206614831e-02
2.004144881396767788e-02
2.009423019840581720e-02
2.016546733257501903e-02
1.993811118678606720e-02
1.983066516533872614e-02
1.990389102629210732e-02
1.944633652939355486e-02
1.677201127861351407e-02
1.220532306058728055e-02
9.869713661573754557e-03
9.461319738481199088e-03
9.549065569323396396e-03
1.078364872395534690e-02
1.315032812146262400e-02
1.416501304035491619e-02
1.448173552237873828e-02
1.525459872090407371e-02
1.756920166451925516e-02
2.237915246395401347e-02
2.453636646525058501e-02
2.449297441846647050e-02
2.345159930946527291e-02
1.923604669980275017e-02
1.081058408916262675e-02
5.965167902361421214e-03
5.047173539594195131e-03
5.310391202694620880e-03
7.050198415039837276e-03
1.069050941208817516e-02
1.308166368409667026e-02
1.377553099140770704e-02
1.404751305883636739e-02
1.433768281973600567e-02
1.505279499088844376e-02
1.487359659172590373e-02
1.480033384898643035e-02
1.502484738491115940e-02
1.550906427732166512e-02
1.683928925084585138e-02
1.717158158800422343e-02
1.681228022607197947e-02
1.611567764220984619e-02
1.392816798703235860e-02
1.003193243115828304e-02
6.966244395367309113e-03
5.552386142932719780e-03
5.470645137605562904e-03
5.756574769473605906e-03
6.574449440868936415e-03
7.272783096147663294e-03
7.562404085036589750e-03
7.703809248494947540e-03
8.468562182951010903e-03
9.906996978485299241e-03
1.114563331899261038e-02
1.114605920217425286e-02
1.100303990148180332e-02
1.089766393498123667e-02
1.003967591365840725e-02
9.048906517921624648e-03
8.777318564188452132e-03
8.723537014287380265e-03
8.550058417405791492e-03
8.520495375585362616e-03
8.747134724913221623e-03
8.530606657794577094e-03
8.391988723419651838e-03
8.405443097263924634e-03
8.366332106334820051e-03
8.207904207027190771e-03
8.181242070203341432e-03
8.380990097855105583e-03
8.797576841661748637e-03
9.253201686032243994e-03
9.633191685318547720e-03
9.689168660931998106e-03
9.601327950961821220e-03
8.618854947402316766e-03
8.372467224944649469e-03
7.684941258821688728e-03
7.261567380056350128e-03
7.194217317720463800e-03
8.414336815246862764e-03
9.439741745089963443e-03
1.096808465824096121e-02
1.139435149396049798e-02
1.086107413944123641e-02
1.105102406873535899e-02
1.075182990657391410e-02
1.189930485637407873e-02
1.210936200304560395e-02
1.261621997869376462e-02
1.244875176787456003e-02
1.268809107377561439e-02
1.265450057846559222e-02
1.280095544750479812e-02
1.235380337433797208e-02
1.099096157787888238e-02
8.688499593648528474e-03
7.609998675610576795e-03
7.313449378147009010e-03
7.178147207637403972e-03
7.949775578648060961e-03
9.671130041601971872e-03
1.175097771155189479e-02
1.351425238785290348e-02
1.380902318473568521e-02
1.597175406581681154e-02
1.799382074368296308e-02
1.720718639154698859e-02
1.658728924692277895e-02
1.553044561748090704e-02
1.426824429892121528e-02
1.192550166198953245e-02
1.034840760980404104e-02
8.981675411472130402e-03
9.339311482730537281e-03
9.637393439001421327e-03
1.138545307426999317e-02
1.175244828757297105e-02
1.090750216121745032e-02
1.216574637365432608e-02
1.099958097154766536e-02
1.140205889689114432e-02
1.119436032197087399e-02
1.090883012379357045e-02
8.591028039274226785e-03
7.584667394983508372e-03
7.735416711315198750e-03
7.528260233367983084e-03
8.475094342036920345e-03
8.067312789476704590e-03
7.651161217528164825e-03
7.565738407616138562e-03
7.436242928748135715e-03
7.417132944759752093e-03
7.467299799311453122e-03
8.066059138146898858e-03
8.211074197816749590e-03
9.561743857277709910e-03
9.741007889332735370e-03
9.008705202399365161e-03
8.727838430752745888e-03
8.227394664303276303e-03
7.435163609420535578e-03
7.244640549685517697e-03
6.742308166873793238e-03
7.057768994831624051e-03
7.015814111669693882e-03
8.347468160691507225e-03
6.896173625532503633e-03
6.282470017655080591e-03
5.087312409182853483e-03
4.636590029603699162e-03
4.990549675842344268e-03
3.979686697446424906e-03
1.461716476528194530e-01
