# 2pt_data
5.676803102164756419e-06
4.380606803240228118e-06
3.504646679847230626e-06
2.827517212732665925e-06
2.559292606162658139e-06
2.210502068102962081e-06
1.720673747909708569e-06
1.498163622191683000e-06
1.239351991954145729e-06
1.063303926188028926e-06
8.889943632229060038e-07
7.500018722415281961e-07
6.267512375128085805e-07
5.187945824430981285e-07
4.241346591867097120e-07
3.405786809577031743e-07
2.681149568960082482e-07
2.061543311002081705e-07
1.538035404573229525e-07
1.116024507926056411e-07
1.561236552484957034e-05
1.174539827610688657e-05
9.236925918786188688e-06
7.445080376382886898e-06
6.914637604655466573e-06
6.071593780149654114e-06
4.721967335259879499e-06
4.188506917457728349e-06
3.480380680692918233e-06
2.999851551166288635e-06
2.494802061786592896e-06
2.086204853626677070e-06
1.717654467759596684e-06
1.392389595155317523e-06
1.107839684999818809e-06
8.602601130724944676e-07
6.514736389380772477e-07
4.792030125227491596e-07
3.398563364409356770e-07
2.329194660519712871e-07
3.493390978139533995e-05
2.598171581206467262e-05
2.035810393719527005e-05
1.661396870425563334e-05
1.579746204056988492e-05
1.403973208791017465e-05
1.091577009438711851e-05
9.749367143603524655e-06
8.061392775706364663e-06
6.903213967498969093e-06
5.657870583921842245e-06
4.647488097482787915e-06
3.739817096142574214e-06
2.947723216787543389e-06
2.267874446101463720e-06
1.694070070806471151e-06
1.228330576648182129e-06
8.623477101641133157e-07
5.826617506345220153e-07
3.714202009356200576e-07
5.127826518006983731e-05
3.820284740834966578e-05
3.008552152357404908e-05
2.479176847548134982e-05
2.372350810067769508e-05
2.111229020669279049e-05
1.639132772099573281e-05
1.459180308189263408e-05
1.197311358671666412e-05
1.015737543722692022e-05
8.216509072293397709e-06
6.648047632903288338e-06
5.255860950855851361e-06
4.060269621876886335e-06
3.054578822444704567e-06
2.226062587356969837e-06
1.572812972238733954e-06
1.074473131794888210e-06
6.942018354051148368e-07
4.077488814443512067e-07
2.647833794975608590e-07
5.010545941733943068e-07
8.012217928290690851e-07
1.166898407400938432e-06
1.279085302982835204e-06
1.093532940508388165e-06
8.869177836776173134e-07
8.887871481193886956e-07
7.261818761717904949e-07
6.512282167307488522e-07
5.449099373423735861e-07
4.623658612914295714e-07
3.900039166740667969e-07
3.298610769849668654e-07
2.803406922691274109e-07
2.393924696828767290e-07
2.061049642695606983e-07
1.784465111518636464e-07
1.550779688591310365e-07
1.353745066326240938e-07
8.311784120604485250e-07
1.572626388648995791e-06
2.497145687454963434e-06
3.613671771707544836e-06
3.885792364619369935e-06
3.207984252494318769e-06
2.488609349973087665e-06
2.476031901918560735e-06
1.957348180506612685e-06
1.746145645323700609e-06
1.447471029042706505e-06
1.232286032135452199e-06
1.049362048080019029e-06
9.005683951794824944e-07
7.788079992798253456e-07
6.774317520576673277e-07
5.931331110799944537e-07
5.194620536262749358e-07
4.535729971885307638e-07
3.943492773830207866e-07
2.015301596149824319e-06
3.782606217256365959e-06
5.983240152361234686e-06
8.592388177113760640e-06
9.084826888333444634e-06
7.268871747880750030e-06
5.451417397600168074e-06
5.467169933917854246e-06
4.254927790738703285e-06
3.836744309540078951e-06
3.203652062760561775e-06
2.770115741405895423e-06
2.400692659032949895e-06
2.096789362617477846e-06
1.840824712268057852e-06
1.620134939166118367e-06
1.426620412283856369e-06
1.248912308741305010e-06
1.081248324314227286e-06
9.202432175170515261e-07
3.005887496893070301e-06
5.577080434161864080e-06
8.838164812503446926e-06
1.262530019997341412e-05
1.326714925819765615e-05
1.048827453874091305e-05
7.798169156348617231e-06
7.904810441750826283e-06
6.165034040883144582e-06
5.624150603750579548e-06
4.746510925288210508e-06
4.152518777865665429e-06
3.636880076980321208e-06
3.202504469548701010e-06
2.824688991308325727e-06
2.487466824260265530e-06
2.182317882377881425e-06
1.894716722091391820e-06
1.615817825239673290e-06
1.356020339509813462e-06
