# 2pt_angle
1.611201667958155406e-03
1.977231247657314662e-03
2.426414696843572430e-03
2.977642745649588477e-03
3.654097682582246182e-03
4.484228302190087882e-03
5.502946339396447457e-03
6.753094707396134141e-03
8.287249286909196058e-03
1.016993004231944719e-02
1.248031445476702889e-02
1.531556738755542740e-02
1.879492742373643777e-02
2.306472152971259307e-02
2.830451894011231512e-02
3.473468306994879906e-02
4.262563905511053408e-02
5.230924667421354285e-02
6.419275694813668387e-02
7.877593937199546537e-02
1.611201667958155406e-03
1.977231247657314662e-03
2.426414696843572430e-03
2.977642745649588477e-03
3.654097682582246182e-03
4.484228302190087882e-03
5.502946339396447457e-03
6.753094707396134141e-03
8.287249286909196058e-03
1.016993004231944719e-02
1.248031445476702889e-02
1.531556738755542740e-02
1.879492742373643777e-02
2.306472152971259307e-02
2.830451894011231512e-02
3.473468306994879906e-02
4.262563905511053408e-02
5.230924667421354285e-02
6.419275694813668387e-02
7.877593937199546537e-02
1.611201667958155406e-03
1.977231247657314662e-03
2.426414696843572430e-03
2.977642745649588477e-03
3.654097682582246182e-03
4.484228302190087882e-03
5.502946339396447457e-03
6.753094707396134141e-03
8.287249286909196058e-03
1.016993004231944719e-02
1.248031445476702889e-02
1.531556738755542740e-02
1.879492742373643777e-02
2.306472152971259307e-02
2.830451894011231512e-02
3.473468306994879906e-02
4.262563905511053408e-02
5.230924667421354285e-02
6.419275694813668387e-02
7.877593937199546537e-02
1.611201667958155406e-03
1.977231247657314662e-03
2.426414696843572430e-03
2.977642745649588477e-03
3.654097682582246182e-03
4.484228302190087882e-03
5.502946339396447457e-03
6.753094707396134141e-03
8.287249286909196058e-03
1.016993004231944719e-02
1.248031445476702889e-02
1.531556738755542740e-02
1.879492742373643777e-02
2.306472152971259307e-02
2.830451894011231512e-02
3.473468306994879906e-02
4.262563905511053408e-02
5.230924667421354285e-02
6.419275694813668387e-02
7.877593937199546537e-02
1.611201667958155406e-03
1.977231247657314662e-03
2.426414696843572430e-03
2.977642745649588477e-03
3.654097682582246182e-03
4.484228302190087882e-03
5.502946339396447457e-03
6.753094707396134141e-03
8.287249286909196058e-03
1.016993004231944719e-02
1.248031445476702889e-02
1.531556738755542740e-02
1.879492742373643777e-02
2.306472152971259307e-02
2.830451894011231512e-02
3.473468306994879906e-02
4.262563905511053408e-02
5.230924667421354285e-02
6.419275694813668387e-02
7.877593937199546537e-02
1.611201667958155406e-03
1.977231247657314662e-03
2.426414696843572430e-03
2.977642745649588477e-03
3.654097682582246182e-03
4.484228302190087882e-03
5.502946339396447457e-03
6.753094707396134141e-03
8.287249286909196058e-03
1.016993004231944719e-02
1.248031445476702889e-02
1.531556738755542740e-02
1.879492742373643777e-02
2.306472152971259307e-02
2.830451894011231512e-02
3.473468306994879906e-02
4.262563905511053408e-02
5.230924667421354285e-02
6.419275694813668387e-02
7.877593937199546537e-02
1.611201667958155406e-03
1.977231247657314662e-03
2.426414696843572430e-03
2.977642745649588477e-03
3.654097682582246182e-03
4.484228302190087882e-03
5.502946339396447457e-03
6.753094707396134141e-03
8.287249286909196058e-03
1.016993004231944719e-02
1.248031445476702889e-02
1.531556738755542740e-02
1.879492742373643777e-02
2.306472152971259307e-02
2.830451894011231512e-02
3.473468306994879906e-02
4.262563905511053408e-02
5.230924667421354285e-02
6.419275694813668387e-02
7.877593937199546537e-02
1.611201667958155406e-03
1.977231247657314662e-03
2.426414696843572430e-03
2.977642745649588477e-03
3.654097682582246182e-03
4.484228302190087882e-03
5.502946339396447457e-03
6.753094707396134141e-03
8.287249286909196058e-03
1.016993004231944719e-02
1.248031445476702889e-02
1.531556738755542740e-02
1.879492742373643777e-02
2.306472152971259307e-02
2.830451894011231512e-02
3.473468306994879906e-02
4.262563905511053408e-02
5.230924667421354285e-02
6.419275694813668387e-02
7.877593937199546537e-02
