# 2pt_theory
7.031121327002565954e-06
5.933200062722674763e-06
4.945291994986863132e-06
4.078743538516642429e-06
3.337499099433425523e-06
2.718299535691400373e-06
2.211547199946968572e-06
1.803081319396109707e-06
1.476438584126908355e-06
1.215016728848234595e-06
1.003771938427978733e-06
8.302357967336973431e-07
6.848798347435031896e-07
5.609744683200465632e-07
4.541365440882639290e-07
3.617338632742160982e-07
2.822377448019520938e-07
2.147281465144689283e-07
1.585859939862825061e-07
1.132245712035924971e-07
1.985704864071813152e-05
1.645931730658609259e-05
1.352567123354680984e-05
1.105665009927086916e-05
9.024354282018132766e-06
7.380131122067354258e-06
6.063153761297490793e-06
5.009348599668856443e-06
4.158863562535266234e-06
3.460914993569194116e-06
2.875972994704403768e-06
2.375745962665450304e-06
1.941702791349215633e-06
1.562842489575466521e-06
1.233293258237740986e-06
9.501368727995721481e-07
7.116686095067694918e-07
5.161437960953468664e-07
3.611532102388175767e-07
2.430641139920264042e-07
4.438947599188534997e-05
3.651242432480087405e-05
2.993888161930669634e-05
2.456378458850624340e-05
2.022746795164647522e-05
1.674733255811907789e-05
1.394219978877860939e-05
1.165031205434965771e-05
9.739858218091622250e-06
8.112235232381750049e-06
6.699998966062794863e-06
5.461492655730062217e-06
4.373988211141111112e-06
3.426802490194032682e-06
2.615301819493405275e-06
1.936301171512164514e-06
1.385123225852316478e-06
9.549029797240597123e-07
6.347768950055475198e-07
4.001328861709001306e-07
6.443029145716453300e-05
5.310954682175616560e-05
4.377222508048214585e-05
3.617919479206307487e-05
3.004038772892888930e-05
2.506233053787282412e-05
2.097816780980622689e-05
1.756608237203867155e-05
1.465689544287046484e-05
1.213243190617383868e-05
9.917991791944486766e-06
7.971688628700781791e-06
6.273188689941100484e-06
4.813541132548989448e-06
3.587064560407749496e-06
2.585989528239776835e-06
1.798614496457453365e-06
1.207549415629957546e-06
7.730607700200472076e-07
4.533879372681622066e-07
1.468866024306415466e-06
1.472598813093054748e-06
1.453757871929343290e-06
1.410523921263653976e-06
1.342406147380964093e-06
1.251180315424176566e-06
1.140940369537654547e-06
1.017708219223122954e-06
8.886128033010489737e-07
7.608205395565354301e-07
6.405378932036697839e-07
5.323025646917761014e-07
4.386949116287950605e-07
3.604368650205881153e-07
2.967622818155119207e-07
2.459048985863417010e-07
2.055768440788609164e-07
1.734359668949601372e-07
1.473910015895674392e-07
1.257065121863024667e-07
5.378716218951425546e-06
5.274419909125033886e-06
5.071826941328506993e-06
4.775108992749440178e-06
4.396221633963544403e-06
3.955965613002601656e-06
3.481075338100032596e-06
3.000076673854036066e-06
2.539011717853230903e-06
2.118101354835213591e-06
1.750050575610062509e-06
1.439991703514133384e-06
1.186665989114456154e-06
9.842656084355617203e-07
8.244190403510498717e-07
6.979457900517281971e-07
5.961750122656005151e-07
5.117658484064014410e-07
4.391743210597426487e-07
3.744115989115930594e-07
1.486445599251951767e-05
1.420093271451461628e-05
1.326434341420502722e-05
1.210710594628893380e-05
1.079971264236851696e-05
9.425198155848075820e-06
8.065573513225923451e-06
6.790239709388506654e-06
5.648658921309098603e-06
4.667814645111152840e-06
3.853937891242326787e-06
3.196952028207238569e-06
2.676078992882857903e-06
2.265363129199547753e-06
1.938253542676873312e-06
1.670883674512785941e-06
1.444052422015646248e-06
1.244306454347378592e-06
1.061786103026779402e-06
8.874066741075898423e-07
2.381217879743728976e-05
2.231351907406319316e-05
2.044136214587802659e-05
1.831572914396056858e-05
1.606737105637919604e-05
1.382782367152128269e-05
1.171081211718068524e-05
9.799954519507241509e-06
8.143881243445737436e-06
6.757757831818027089e-06
5.629501144295943966e-06
4.728247799459222473e-06
4.013168072955387284e-06
3.441115364296931856e-06
2.972345789505867434e-06
2.574239703053865772e-06
2.223358690006273163e-06
1.903253576253507645e-06
1.597828018105734029e-06
1.312567514089931859e-06
