# 2pt_simulation
1.001274529944844547e-05
8.245915090403253334e-06
6.784835074102085043e-06
5.560554632789437598e-06
4.707922557260606459e-06
3.892338827611038039e-06
3.136865161830588358e-06
2.609301324764814725e-06
2.142928197789469392e-06
1.774882615116546101e-06
1.462721994507950351e-06
1.209753879888225144e-06
1.000513152497799201e-06
8.195603787714251016e-07
6.656648782337547357e-07
5.334325610987319655e-07
4.133180223785429113e-07
3.131011119138687417e-07
2.359852594969771447e-07
1.824322129875631546e-07
1.719531355965051801e-05
1.441389958596187013e-05
1.183683311897928610e-05
9.689982669278898408e-06
7.700910556342114067e-06
6.227681756181962154e-06
5.123368853595465359e-06
4.179488253482787625e-06
3.470782510220967768e-06
2.878358187894881297e-06
2.387039570789039084e-06
1.957236927512672506e-06
1.571630580507358215e-06
1.250780123537583810e-06
9.658343695320988777e-07
7.251307666069810123e-07
5.421083499373473802e-07
3.987000780954718976e-07
2.612082108807564651e-07
1.554818798691966761e-07
4.034380419532912054e-05
3.325271800277573733e-05
2.742810871328770636e-05
2.242301749566102950e-05
1.818770894281990924e-05
1.497430105047761153e-05
1.250714629838230926e-05
1.037736658287156732e-05
8.723039652140492708e-06
7.286186449577637593e-06
6.042854318067012035e-06
4.892446723923285529e-06
3.887647091877828196e-06
3.082566209554408965e-06
2.366396182823527182e-06
1.724165690312708678e-06
1.244201298498688670e-06
8.623676090722707777e-07
6.001173003331560073e-07
4.215422220729219283e-07
5.029189226805688153e-05
4.221536970542245302e-05
3.549641034242515967e-05
2.920529722223552430e-05
2.328753003001679677e-05
1.904269398941833255e-05
1.619235700329627281e-05
1.328053516079569831e-05
1.104385069785525386e-05
8.978799317912315758e-06
7.280824779039207482e-06
5.798646285707234319e-06
4.516381234444638064e-06
3.380199126520738339e-06
2.487264432442113964e-06
1.699149077669701946e-06
1.045298371846620538e-06
6.440788321857622456e-07
3.803219816039740833e-07
1.780447866141352778e-07
1.624277662764155140e-06
1.702708977472006860e-06
1.896212450737187389e-06
1.991194309820099091e-06
2.008087863597905318e-06
1.818143011924695774e-06
1.593793617189777227e-06
1.473669238459758024e-06
1.259326136776376741e-06
1.094111286999497926e-06
9.252384025705870347e-07
7.793099401125003243e-07
6.511911414785853210e-07
5.407804549786450406e-07
4.505885788484342476e-07
3.775022501083837896e-07
3.148779717211162814e-07
2.696007481673678794e-07
2.351063159773448821e-07
2.002327370783636395e-07
5.366086423081787540e-06
4.944488166677249750e-06
4.790277645136479684e-06
4.181431643618976115e-06
3.813738150818751062e-06
3.490692710693644931e-06
3.095801292414061993e-06
2.625636086307919916e-06
2.236062141651162783e-06
1.838303969515608795e-06
1.509912933771281677e-06
1.219139053586335690e-06
9.949988826046400403e-07
8.308678926549013681e-07
6.858806011061615057e-07
5.808579626003122544e-07
5.000016144236585722e-07
4.219832641603658418e-07
3.455655184163985752e-07
2.889537929770524991e-07
1.436609784750804094e-05
1.393303146630970304e-05
1.255817706111103162e-05
1.124699546900885026e-05
9.814688292076811184e-06
8.640240972036812748e-06
7.475302098012416672e-06
6.195449343308076853e-06
5.192594106927222043e-06
4.235160527928089957e-06
3.455568979933185325e-06
2.813871634706794872e-06
2.357462514898894289e-06
2.015335685201936635e-06
1.698623156079472085e-06
1.437500365450390237e-06
1.250884958443211075e-06
1.085549785319041409e-06
9.251729116006209417e-07
7.654027424196191744e-07
2.256220924460917320e-05
2.098076064860951423e-05
1.791466916011442962e-05
1.492788453806329652e-05
1.244803877263929951e-05
1.095379230828449687e-05
9.615476469224142463e-06
7.669274540523265577e-06
6.495938065444234312e-06
5.251517466644316863e-06
4.382852451827693059e-06
3.658144041628120412e-06
3.062530801241260535e-06
2.571564112300933356e-06
2.197838887226237926e-06
1.849671071312734556e-06
1.591932650089199788e-06
1.400080382607597628e-06
1.192588270083212555e-06
9.526039017103366092e-07
