# bin_2_2
2.437761383629259003e-08
2.468215433980120483e-08
2.502925268900520279e-08
2.540409897242842790e-08
2.583709202382296829e-08
2.631587317656762907e-08
2.683725756758223602e-08
2.739635966783555482e-08
2.799176726870528289e-08
2.861195102900354563e-08
2.927420686076179369e-08
2.995173188034541576e-08
3.062754046832139341e-08
3.131736144032041058e-08
3.198483220589711715e-08
3.262996797234610614e-08
3.322929107401335123e-08
3.374456398409507911e-08
3.413103323045121201e-08
3.431347632127041566e-08
3.420862216115197288e-08
3.379062900603595561e-08
3.311961355769230308e-08
3.227044770277662947e-08
3.113482566817397404e-08
2.956216947044681505e-08
2.766925936829906182e-08
2.559485067358944549e-08
2.332133685835185721e-08
2.086898752327425925e-08
1.833093580149018230e-08
1.589766231123632321e-08
1.351205887807886449e-08
1.135711722275686827e-08
9.433112103550947565e-09
7.777844330522931745e-09
6.397234406699941691e-09
5.254690718611828060e-09
4.304593689182196326e-09
3.520306433987488906e-09
2.859768215594611287e-09
2.309504066455438505e-09
1.862007805579246777e-09
1.506014123954432254e-09
1.225575072023814188e-09
1.003534319116963561e-09
8.260969883339511296e-10
6.834366924607126120e-10
5.682170146521801353e-10
4.743101353355405117e-10
3.967881370015053503e-10
3.320853864237663850e-10
2.775681985077022226e-10
2.312895298155182348e-10
1.918214193529654263e-10
1.581140055590291200e-10
1.293710967426505355e-10
1.049672733594308849e-10
8.438612867162678418e-11
6.717879969362734513e-11
5.293866218719344454e-11
4.128747771137264287e-11
3.186986107437593776e-11
2.435294319248141095e-11
1.842884177935112095e-11
1.381805100860454583e-11
1.027240594238746806e-11
7.576693160677136175e-12
5.548716522823448926e-12
4.037738093530339552e-12
2.921715676091313480e-12
2.103773773162168852e-12
1.508370490622496591e-12
1.077526910851185882e-12
7.673553725482851620e-13
5.450352310858226639e-13
3.862763822104597122e-13
2.732622598161805264e-13
1.930235226344144648e-13
1.361798004886899069e-13
9.599790857759121226e-14
6.763408121854826095e-14
4.763152048468588946e-14
3.353951752192478905e-14
2.363100026289841614e-14
1.666946906918840969e-14
1.177489009857121503e-14
8.352245965780616443e-15
5.951447683124824504e-15
4.276539463597406855e-15
3.113027514103501859e-15
2.307764655945832593e-15
1.755237253586011005e-15
1.381953927042711322e-15
1.133904851277868937e-15
9.736919581485271787e-16
8.739192077867991127e-16
8.152917007764165955e-16
7.833376390451637024e-16
7.676841515267497846e-16
