# bin_3_3
3.216868563907517910e-08
3.260557610745169275e-08
3.311419860696758222e-08
3.369042123096340968e-08
3.434240531746281098e-08
3.507458064551988483e-08
3.588259505562753658e-08
3.678263890909161318e-08
3.777769009331289790e-08
3.886449822539345860e-08
4.006115248585443844e-08
4.134738407798428155e-08
4.273552942690372371e-08
4.419499382478105501e-08
4.571554628031909997e-08
4.727027221221657406e-08
4.880644790708619418e-08
5.025076810161941282e-08
5.155600079198036698e-08
5.269004934929031775e-08
5.366904516663462133e-08
5.443825842245805667e-08
5.483242713654680458e-08
5.473730834076985277e-08
5.420430947662667961e-08
5.320536095667769745e-08
5.164619140855901928e-08
4.948653315968613039e-08
4.679482915662158488e-08
4.361635103646993096e-08
3.994902940768302098e-08
3.599170469867900492e-08
3.180865986210089342e-08
2.760024140363250063e-08
2.350440876290849790e-08
1.970203944300859684e-08
1.629544326170793541e-08
1.337331602517270401e-08
1.094730678711657978e-08
8.970317859960261910e-09
7.360200169451006029e-09
6.024648261923139066e-09
4.892960814129479298e-09
3.932816208622202831e-09
3.141921952397413479e-09
2.519126554007953010e-09
2.040076452384043668e-09
1.664480922456530573e-09
1.362624877707572764e-09
1.121128249100760474e-09
9.285147700497139504e-10
7.724340250432238371e-10
6.443590483393276382e-10
5.382058994552021824e-10
4.492147281979758903e-10
3.739857580460207229e-10
3.100248749418756040e-10
2.555091620811237733e-10
2.090749245930745734e-10
1.696661913927416574e-10
1.364252359784552058e-10
1.086185198352217259e-10
8.558934910321455402e-11
6.673145711204119348e-11
5.147730023833967124e-11
3.929547739728469826e-11
2.969348935339786667e-11
2.222261110246153137e-11
1.648265830581737767e-11
1.212505353655707140e-11
8.853500769527853939e-12
6.422142936854547511e-12
4.631597207879309505e-12
3.323553982242029859e-12
2.374688479853917423e-12
1.690536084815724542e-12
1.199795444807719234e-12
8.493273292297306560e-13
5.999667989169073438e-13
4.230847931408154478e-13
2.979298149294276583e-13
2.095603361783975063e-13
1.472834274079011168e-13
1.034525805514104844e-13
7.264127755942503770e-14
5.100955466497533616e-14
3.583446238583461570e-14
2.519784979614910751e-14
1.775117565498356708e-14
1.254462282470149286e-14
8.910002892195916897e-15
6.377522647264988336e-15
4.619537012141510312e-15
3.405847466087942901e-15
2.575062911428624680e-15
2.013119133109105163e-15
1.640441112956344088e-15
1.399781129033945190e-15
1.250884652210856520e-15
1.164227111707014254e-15
