# bin_1_1
1.591201504031769159e-08
1.607549508850970758e-08
1.626901725177870765e-08
1.649392759275457818e-08
1.674219232687740963e-08
1.701187119067741877e-08
1.729592904486255282e-08
1.758612235583110508e-08
1.787848184508240655e-08
1.816593246643169255e-08
1.844049352891974150e-08
1.868656134347184972e-08
1.888465647210182975e-08
1.901261750248718494e-08
1.907143236882226374e-08
1.903758324049189152e-08
1.892476555532675820e-08
1.872108029989434270e-08
1.843606694618584814e-08
1.805903130971601864e-08
1.757357922235093360e-08
1.694123376323082357e-08
1.608137639387014936e-08
1.497842727851131253e-08
1.373934295119516591e-08
1.254849317424405839e-08
1.139811023273676556e-08
1.009154815902807191e-08
8.722589157303972035e-09
7.499903041219243563e-09
6.392272854156506034e-09
5.377497826412844566e-09
4.428168295550498599e-09
3.697463838170715215e-09
3.036095895861315776e-09
2.492240765445899634e-09
2.052041251489546588e-09
1.668372938060979421e-09
1.368563740521703009e-09
1.109570123697580720e-09
9.015539692168157366e-10
7.375323143672324838e-10
6.029767885217472753e-10
4.966310148074400496e-10
4.118700138992030439e-10
3.430103133206218290e-10
2.865825695831521316e-10
2.399136548491718856e-10
2.009602722115361633e-10
1.681866411415108112e-10
1.404135616662506246e-10
1.167594922042556409e-10
9.656500006015663715e-11
7.932770576959172860e-11
6.466649431244547869e-11
5.226772543997443655e-11
4.186107506867274602e-11
3.320617804623141346e-11
2.608324776315422138e-11
2.028681444959929220e-11
1.562539407486224843e-11
1.192162777625418947e-11
9.013861486694274157e-12
6.757543143004595459e-12
5.026166759792537212e-12
3.711461030783863540e-12
2.722795576378563477e-12
1.985834708955658429e-12
1.440843834519742915e-12
1.040656191668802830e-12
7.486230525075803954e-13
5.366731282203946270e-13
3.835753714878170424e-13
2.734440446268373047e-13
1.945015616773619616e-13
1.380895423921485766e-13
9.788404397690669592e-14
6.929421969917406398e-14
4.900363419637476281e-14
3.462691995640926197e-14
2.445461804100098336e-14
1.726551825440638383e-14
1.220797308217499018e-14
8.649495086133728737e-15
6.140420968263047718e-15
4.372016085940245984e-15
3.136328865991591484e-15
2.277853784482269242e-15
1.673222140737130967e-15
1.263466633321370468e-15
9.779839369237815305e-16
7.888379081276488934e-16
6.632649084547051624e-16
5.822250540243586240e-16
5.319501427817401635e-16
5.020496333532240766e-16
4.858221265388950487e-16
4.772650751324403409e-16
4.732080390286854378e-16
4.714110507664050039e-16
