# bin_4_3
3.370299262444921731e-08
3.417424376347380894e-08
3.472274417996279423e-08
3.534504703216386093e-08
3.605021131912208450e-08
3.684363483724786188e-08
3.772193859245584366e-08
3.870263087438340328e-08
3.978990082224031489e-08
4.098166241530526419e-08
4.229760140960663870e-08
4.371855689076672740e-08
4.525848860433423542e-08
4.688759021457680285e-08
4.859682976952471773e-08
5.035995297532760169e-08
5.212445533263175765e-08
5.381626736410398065e-08
5.538733591936692969e-08
5.680305581032428317e-08
5.807650689004823753e-08
5.914804388052804967e-08
5.984565157922126946e-08
6.004668605006267213e-08
5.979281615981652779e-08
5.904425806168175849e-08
5.769320064372912835e-08
5.568495978121502187e-08
5.307381974477716566e-08
4.989137388197313209e-08
4.612337245649032966e-08
4.196059391127301153e-08
3.746411500418796657e-08
3.283991643101014891e-08
2.824068550680989201e-08
2.387268830564889878e-08
1.987215864493229384e-08
1.636723082838750623e-08
1.340752685835291175e-08
1.097432456904292979e-08
8.997018069933181077e-09
7.375220478277723279e-09
6.015356694806606061e-09
4.859176836952521196e-09
3.889054794271604072e-09
3.106401226403155492e-09
2.498976715940464998e-09
2.029361586452653687e-09
1.656494546695305855e-09
1.356855360950676420e-09
1.118124674955060211e-09
9.268599350669185626e-10
7.709582507726875602e-10
6.427208133727257767e-10
5.360397428010282741e-10
4.464062379300335217e-10
3.705535012002951170e-10
3.060873468757885686e-10
2.512358993051824394e-10
2.046544882845732578e-10
1.652798237976955574e-10
1.322293684590333236e-10
1.047345091263260102e-10
8.209948558195493202e-11
6.368017756744282299e-11
4.887577651231813293e-11
3.712830923275407599e-11
2.792624864649151192e-11
2.080927626169248010e-11
1.537206946168947573e-11
1.126598747911209082e-11
8.198186715370878493e-12
5.928320957104185024e-12
4.263393696543949117e-12
3.051507514753922542e-12
2.175247371938223825e-12
1.545285590828357538e-12
1.094598327153417144e-12
7.735048268452616709e-13
5.455252424864912874e-13
3.841177856491251861e-13
2.701137048847785019e-13
1.897601575086774864e-13
1.332111195799863921e-13
9.346830098673358227e-14
6.557388960249619447e-14
4.601295387733949014e-14
3.230804257365847244e-14
2.271668114885399294e-14
1.601212811095514930e-14
1.133180752355225513e-14
8.069655704882144424e-15
5.802755118886400300e-15
4.234387854310342451e-15
3.156778608788878266e-15
2.423501722485880299e-15
1.932477026668211591e-15
1.610737750694125840e-15
1.407130607301250773e-15
1.284484663427000180e-15
