# bin_4_4
3.553147306319126272e-08
3.606542837122258163e-08
3.667593408270116274e-08
3.737050286890451354e-08
3.815741528658511952e-08
3.904392702132463213e-08
4.001867600273677520e-08
4.111338622009045648e-08
4.232310073150812864e-08
4.365772731154425869e-08
4.510612009873570467e-08
4.669079304230587568e-08
4.838814549830062821e-08
5.022539418589386866e-08
5.215869075025612217e-08
5.418364454430044336e-08
5.626448012216638498e-08
5.835510305884713607e-08
6.036302340905293606e-08
6.219487491667358902e-08
6.380110382380911017e-08
6.518558572210019550e-08
6.634710824016041601e-08
6.711600075131097506e-08
6.728416838901766487e-08
6.685672763422838988e-08
6.587189854772532851e-08
6.421606033039628202e-08
6.182302826708975694e-08
5.870195708301638363e-08
5.499492084092915977e-08
5.064795718383717957e-08
4.587518972003673784e-08
4.079483092843222561e-08
3.559958970613819404e-08
3.050738454234606385e-08
2.569988404556949369e-08
2.134263873538601591e-08
1.755748178036398399e-08
1.437201749388774924e-08
1.175861659793598071e-08
9.632065239132724397e-09
7.882309713008952195e-09
6.413775421060858744e-09
5.169718965787901581e-09
4.132422757789631930e-09
3.299845114264424872e-09
2.654690354159404266e-09
2.155161093592916403e-09
1.757396802346373251e-09
1.437733953292874058e-09
1.183652261764182768e-09
9.795654141370005085e-10
8.131945150189657140e-10
6.764049494469031885e-10
5.626648152973837793e-10
4.672454539947636251e-10
3.866747414683630376e-10
3.183922504444725437e-10
2.604903097312540675e-10
2.115044433389914936e-10
1.702646549841030822e-10
1.357930113735425025e-10
1.072357938732268402e-10
8.382236838149423606e-11
6.484427396769421986e-11
4.964683271082329799e-11
3.762831777658090299e-11
2.824287855957083843e-11
2.100413272178860904e-11
1.548759151847764969e-11
1.133090029542795534e-11
8.231619362323851780e-12
5.942802333276680161e-12
4.266976907898464020e-12
3.049251448065401642e-12
2.170237219667918105e-12
1.539328446499062444e-12
1.088691505480725807e-12
7.681453886830956461e-13
5.409202628926469771e-13
3.803003410427947707e-13
2.670301139914059765e-13
1.873153954478558298e-13
1.313089452725564458e-13
9.200326498141458687e-14
6.446507860548099113e-14
4.517943288249347342e-14
3.169292877608526974e-14
2.227043174162771089e-14
1.569383180385560040e-14
1.111043524345157886e-14
7.923599199972113528e-15
5.715425792007524622e-15
4.192403098516930730e-15
3.149805976929200497e-15
2.444249544081250298e-15
1.974889064525655769e-15
1.670614683209353477e-15
1.480163718717344803e-15
