# bin_3_2
2.771401434605998620e-08
2.805503916815973506e-08
2.845246397320755836e-08
2.890049545001637221e-08
2.940490202745637062e-08
2.996760914228622751e-08
3.058193433704417801e-08
3.126050614207148545e-08
3.200340414118486961e-08
3.280488904631936405e-08
3.367899504742773226e-08
3.460359865843971252e-08
3.558726156113951504e-08
3.659910065144835572e-08
3.762699862921020209e-08
3.864427186987425163e-08
3.960002829276170442e-08
4.042625471512747337e-08
4.108074097218303026e-08
4.154193493659762329e-08
4.183742238607458148e-08
4.192952878772160984e-08
4.167519125804106231e-08
4.098587486388590528e-08
3.994031863360137147e-08
3.854166604815236195e-08
3.672976531563128329e-08
3.449733955364904376e-08
3.194089555646186569e-08
2.912946794465453894e-08
2.607608934652344184e-08
2.297521320690149614e-08
1.987060497076681466e-08
1.691640812332402840e-08
1.418460892349966059e-08
1.177155043263183849e-08
9.691652787723268441e-09
7.955384137398983629e-09
6.525139156250750159e-09
5.345017011423320925e-09
4.363434076096913201e-09
3.541543746841232274e-09
2.857476065818495307e-09
2.299549676927487045e-09
1.855179022547595080e-09
1.505749477172388599e-09
1.230108078604430018e-09
1.010563755078427424e-09
8.346891541712258228e-10
6.928984538033166700e-10
5.774251339600344961e-10
4.824011336002250105e-10
4.032656188107820518e-10
3.367089001415294958e-10
2.803110204209802668e-10
2.322859321028127444e-10
1.913238141769690715e-10
1.564338813353294892e-10
1.268397002881191885e-10
1.019022219393143030e-10
8.106830212884868300e-11
6.383867244206273395e-11
4.975054237386244888e-11
3.837032193094125375e-11
2.929279777987531860e-11
2.214381316100575410e-11
1.658411535404261741e-11
1.231268814480023428e-11
9.068647935206217819e-12
6.631178276708251393e-12
4.817636432103369904e-12
3.480203744403279615e-12
2.501616918066804992e-12
1.790522243702383609e-12
1.276889473368557418e-12
9.077906969407038190e-13
6.437139196606443995e-13
4.554737750704650800e-13
3.217183383186552763e-13
2.269190452764767848e-13
1.598699398217836140e-13
1.125312971347193189e-13
7.916856412896901243e-14
5.567935601918039395e-14
3.915905085517413809e-14
2.755593807690374678e-14
1.941176357791952516e-14
1.370060872979648357e-14
9.702115175738220027e-15
6.908214986195461295e-15
4.960925573966377585e-15
3.607943668511976546e-15
2.673645672430618854e-15
2.034150072101268004e-15
1.602308480211422094e-15
1.315990502754717881e-15
1.131717144608935714e-15
1.017630858595535290e-15
9.511300539818924923e-16
9.153811847716595567e-16
