# bin_4_2
2.861120199394234340e-08
2.899186140462626694e-08
2.942500548532858587e-08
2.991474312195550033e-08
3.046550435466266454e-08
3.108026950556614062e-08
3.174404123803808191e-08
3.248187621304097504e-08
3.328427504770671582e-08
3.415556279450707523e-08
3.508007521318277538e-08
3.607267744825274844e-08
3.710665026022983977e-08
3.820201599421047557e-08
3.931429686226393529e-08
4.043560309829082295e-08
4.153072111963189956e-08
4.255643846550543342e-08
4.342815144394628164e-08
4.406594061590007557e-08
4.443456667401026279e-08
4.456029030254262900e-08
4.447049284165834305e-08
4.403605450358157018e-08
4.309503835322127084e-08
4.170251019419570571e-08
3.995089830426181042e-08
3.778722328941349720e-08
3.520580795836422393e-08
3.226841729740052587e-08
2.915699372180430288e-08
2.584666928256794803e-08
2.254503530998948708e-08
1.933458255261000550e-08
1.632927859124807473e-08
1.363084629560987331e-08
1.127661945146807613e-08
9.278607924544419767e-09
7.622168755581006173e-09
6.247038446643711656e-09
5.103100531336993086e-09
4.147895841464097478e-09
3.353219115986537799e-09
2.702429032653555043e-09
2.180002599801105581e-09
1.765627031871134696e-09
1.436885239180918810e-09
1.175192020461517001e-09
9.668528317065635786e-10
7.999591930911345615e-10
6.645149989139395199e-10
5.536050720404262426e-10
4.619370639451097629e-10
3.853170556744580298e-10
3.207369120173243123e-10
2.659835076329236407e-10
2.194163108847407309e-10
1.798101520184597579e-10
1.462180136280312936e-10
1.178781446986324017e-10
9.414747286314065516e-11
7.445861931233204321e-11
5.829462640159036612e-11
4.517633410773733715e-11
3.465806824351211324e-11
2.632836379304784753e-11
1.981294347728648006e-11
1.477785135176898557e-11
1.093156285571499767e-11
8.025283497859983499e-12
5.851388598358956635e-12
4.240283871502011111e-12
3.056187601015593165e-12
2.192363789616961504e-12
1.566290583121275523e-12
1.115105083700071684e-12
7.915430640936037676e-13
5.604726164177189568e-13
3.960372889746651187e-13
2.793784784232167327e-13
1.968221017063721135e-13
1.385120579958016475e-13
9.739699917401723564e-14
6.845525807461137432e-14
4.810952613729310556e-14
3.381254326288410347e-14
2.379020716075847655e-14
1.676035007840521618e-14
1.184149333968463791e-14
8.404126423640936435e-15
6.006243810024988408e-15
4.338912250346231567e-15
3.185765648904051805e-15
2.394489874120036317e-15
1.856990668188067462e-15
1.497730602491725513e-15
1.263283510531399236e-15
1.115467787116404713e-15
1.026779131666390615e-15
9.768028375491220712e-16
