# bin_4_1
2.219042056299072898e-08
2.243999539860542936e-08
2.272206866164773150e-08
2.303817814953791766e-08
2.338985772715724508e-08
2.377694486711550000e-08
2.418291610155864347e-08
2.462664229402073774e-08
2.509664580864384806e-08
2.559404404633870247e-08
2.610228700510257932e-08
2.663051054945651986e-08
2.715422187876304346e-08
2.768905635157554869e-08
2.819687661709083657e-08
2.867101108058701832e-08
2.908321649313636394e-08
2.939959512131981616e-08
2.955065485706088092e-08
2.947677167324329282e-08
2.916088175900389080e-08
2.865382953719377582e-08
2.801036973778471147e-08
2.713886893861717696e-08
2.591497430354676603e-08
2.442487747478303275e-08
2.278777711858702172e-08
2.097741405403344216e-08
1.900572778792745199e-08
1.693272575106869874e-08
1.491702774969849126e-08
1.290289201650119951e-08
1.103221928275159798e-08
9.317135113005901427e-09
7.788968310351130681e-09
6.473133746458379799e-09
5.349762410898842706e-09
4.401521147801321538e-09
3.613207755389687892e-09
2.950780998576575946e-09
2.398604000881143810e-09
1.943987788603901006e-09
1.575288860864903496e-09
1.280491337448579147e-09
1.045622724186724081e-09
8.570764574181178972e-10
7.045372919538837938e-10
5.811797964933902957e-10
4.817771681565878582e-10
4.009484724363707495e-10
3.341487469792954219e-10
2.784752510802462221e-10
2.318002977262678870e-10
1.924017663450580832e-10
1.590044760062060186e-10
1.306665993056827674e-10
1.066540905480443115e-10
8.638575544799561440e-11
6.938034151257543667e-11
5.522351884209947992e-11
4.354635230441234804e-11
3.401295637203069184e-11
2.631479807491688028e-11
2.016896934716518526e-11
1.531857110638454595e-11
1.153384770980166138e-11
8.613100283675598179e-12
6.382744525553956667e-12
4.696439483582685711e-12
3.433233691672237629e-12
2.495023471416107106e-12
1.803614591837616234e-12
1.297675479069044002e-12
9.297945990396673903e-13
6.638021801234079814e-13
4.724297111969995658e-13
3.353366342646529640e-13
2.374924519575377946e-13
1.678822788433869396e-13
1.185022346672587556e-13
8.355479868820647133e-14
5.886160245059401991e-14
4.144105106149037418e-14
2.917512224559116472e-14
2.055121869343471116e-14
1.448613934291676357e-14
1.023891265579292835e-14
7.258761063680816549e-15
5.177377666194708695e-15
3.726856592299227997e-15
2.719196237694724769e-15
2.023343092737259476e-15
1.547343191702438582e-15
1.225988509583443085e-15
1.012377623156404581e-15
8.737020252575442592e-16
7.865106092311479830e-16
7.339176290936536801e-16
7.038105589787999251e-16
6.874968964788121583e-16
