# bin_2_1
1.964589817832192880e-08
1.985803162251297274e-08
2.009870421779371892e-08
2.035313491482018342e-08
2.064710743809540674e-08
2.096751391181189607e-08
2.130920857813104140e-08
2.166544747923281461e-08
2.203302134840483399e-08
2.240038764351467642e-08
2.278046804016278498e-08
2.314740959660848367e-08
2.348599416369554002e-08
2.380940525007812485e-08
2.408778039132268662e-08
2.432330105384499324e-08
2.449781725191894409e-08
2.458335163008158309e-08
2.454748455374175761e-08
2.432810549338074531e-08
2.386254620000883522e-08
2.314113186992020824e-08
2.224341112742871329e-08
2.126068546696390677e-08
2.011016710397168264e-08
1.866538503299688879e-08
1.705244562839833055e-08
1.541205366019126288e-08
1.372689815018235616e-08
1.200761855876209830e-08
1.031777616529024578e-08
8.803150283763353892e-09
7.369424812933066747e-09
6.139543034870495004e-09
5.073721082869335259e-09
4.173992566776849849e-09
3.431488206203697380e-09
2.814061112936041066e-09
2.295866331673608314e-09
1.871164000237306550e-09
1.517310708458861049e-09
1.228536325836544551e-09
9.980205287637667006e-10
8.154836238764858394e-10
6.703652952028238193e-10
5.539229130496444398e-10
4.598324096841123244e-10
3.831911510074768815e-10
3.202215924967371525e-10
2.680027738834295372e-10
2.242397783466944334e-10
1.872498843991063840e-10
1.557935141005109862e-10
1.289605788413760374e-10
1.060650794206769287e-10
8.657988788322997589e-11
7.008043563709712277e-11
5.620909684521719593e-11
4.465119726708428489e-11
3.511936307473753703e-11
2.734652166074828292e-11
2.108303616303331905e-11
1.609706142200544189e-11
1.217624661836563426e-11
9.129725272181240510e-12
6.789587728703105294e-12
5.011434052737620980e-12
3.673809263025216121e-12
2.676781110925570015e-12
1.939764919207868318e-12
1.398975146923007866e-12
1.004758159861714506e-12
7.190309822056468283e-13
5.129678107945904964e-13
3.649957091316370992e-13
2.591300743809453001e-13
1.836272876858938433e-13
1.299226575464944470e-13
9.180877155972568073e-14
6.481053044828672777e-14
4.573051710238145389e-14
3.226150216181019649e-14
2.275813318827545452e-14
1.605851753715620547e-14
1.134938202509696231e-14
8.042058739264252900e-15
5.714662746438420762e-15
4.093149310979138875e-15
2.956369404797508935e-15
2.167279853506389707e-15
1.623417820088999936e-15
1.250777389994251432e-15
9.989767099758797048e-16
8.328475083641802297e-16
7.258136574082714380e-16
6.594891671553145694e-16
6.202629958069076745e-16
5.986253587514617337e-16
5.876195142606964805e-16
5.825685186801134206e-16
