# bin_3_1
2.172666915344936584e-08
2.194755088056625161e-08
2.220569126269568597e-08
2.249381910801584305e-08
2.281493127006487866e-08
2.316823799347760063e-08
2.354502022862731468e-08
2.395357198505633026e-08
2.439137001605669932e-08
2.485124146744447516e-08
2.534275700947484700e-08
2.584416885960169887e-08
2.636053849166171211e-08
2.686469334456000373e-08
2.734472713147591807e-08
2.777809385384982757e-08
2.812059360073748476e-08
2.831651652835800243e-08
2.833406425229788353e-08
2.817018720034480552e-08
2.786999739676245470e-08
2.742051868204408763e-08
2.670913727144766440e-08
2.567864865060348039e-08
2.443553486673106398e-08
2.301184392848485715e-08
2.137611534152356446e-08
1.954178455299719022e-08
1.761166368196033845e-08
1.565043206831311777e-08
1.365254639204847579e-08
1.176675110889406149e-08
9.982758199365656502e-09
8.381705543996260071e-09
6.963967667766991665e-09
5.758109178556471138e-09
4.734500339081107808e-09
3.884124395144712207e-09
3.178907977855743780e-09
2.592067748607909861e-09
2.105662042584493083e-09
1.706135465645687700e-09
1.382536796772952617e-09
1.123831016639297344e-09
9.177770230511580221e-10
7.530056443092745191e-10
6.208268604516020343e-10
5.144681768430266680e-10
4.282380847182964163e-10
3.573875761394110456e-10
2.985615180017775190e-10
2.493762680493107825e-10
2.078641975213678876e-10
1.726234038635942670e-10
1.426293475140132580e-10
1.170932583639534077e-10
9.541165324178083569e-11
7.709593475428425088e-11
6.173427641304882879e-11
4.896394268054108280e-11
3.845525742704263891e-11
2.990324634450352352e-11
2.302468956295459781e-11
1.755823397156826136e-11
1.326596918553987579e-11
9.935243401301196226e-12
7.379884390239977175e-12
5.440379668445351055e-12
3.983013811268911081e-12
2.897999453363041374e-12
2.096946950884354749e-12
1.509971192432666972e-12
1.082719297868784353e-12
7.735409847963656389e-13
5.509380363839251965e-13
3.913652090171379468e-13
2.773998277931586159e-13
1.962622247649940054e-13
1.386598016492396599e-13
9.785256785696708462e-14
6.899288268441077666e-14
4.861340372210965385e-14
3.425090285943810143e-14
2.413514780827234071e-14
1.701750972493641066e-14
1.201901429531706257e-14
8.510649432269886965e-15
6.051439163866801831e-15
4.332665989461394358e-15
3.135754891509289340e-15
2.306089130417240885e-15
1.734173601792102924e-15
1.344126704453092805e-15
1.081984425708273906e-15
9.094894120066525238e-16
7.989693305237898029e-16
7.309806765373304306e-16
6.911021875318326370e-16
6.692534265038283743e-16
6.582089865654929733e-16
