# cosmological_parameters--omega_m cosmological_parameters--s_8 cosmological_parameters--omega_b
3.099999999999999978e-01 7.500000000000000000e-01 5.000000000000000278e-02
4.050000000000000266e-01 6.250000000000000000e-01 6.000000000000000472e-02
2.149999999999999967e-01 8.750000000000000000e-01 4.000000000000000083e-02
2.625000000000000111e-01 6.875000000000000000e-01 5.500000000000000722e-02
4.525000000000000133e-01 9.375000000000000000e-01 3.500000000000000333e-02
3.574999999999999845e-01 5.625000000000000000e-01 4.499999999999999833e-02
1.674999999999999822e-01 8.125000000000000000e-01 6.500000000000000222e-02
1.912500000000000033e-01 6.562500000000000000e-01 4.250000000000000305e-02
3.812499999999999778e-01 9.062500000000000000e-01 6.250000000000000000e-02
4.762500000000000067e-01 5.312500000000000000e-01 5.250000000000000500e-02
2.862500000000000044e-01 7.812500000000000000e-01 3.250000000000000111e-02
2.387499999999999900e-01 5.937500000000000000e-01 6.750000000000000444e-02
4.287500000000000200e-01 8.437500000000000000e-01 4.750000000000000056e-02
3.337499999999999911e-01 7.187500000000000000e-01 3.749999999999999861e-02
1.437499999999999889e-01 9.687500000000000000e-01 5.750000000000000250e-02
1.556250000000000133e-01 7.343750000000000000e-01 6.375000000000000111e-02
3.456249999999999600e-01 9.843750000000000000e-01 4.374999999999999722e-02
4.406249999999999889e-01 6.093750000000000000e-01 3.375000000000000222e-02
2.506249999999999867e-01 8.593750000000000000e-01 5.375000000000000611e-02
2.981249999999999734e-01 5.468750000000000000e-01 4.875000000000000167e-02
4.881249999999999756e-01 7.968750000000000000e-01 6.875000000000000555e-02
3.931250000000000022e-01 6.718750000000000000e-01 5.875000000000000361e-02
2.031250000000000000e-01 9.218750000000000000e-01 3.874999999999999972e-02
1.793750000000000067e-01 5.781250000000000000e-01 5.125000000000000389e-02
3.693750000000000089e-01 8.281250000000000000e-01 3.125000000000000000e-02
4.643749999999999822e-01 7.031250000000000000e-01 4.125000000000000194e-02
2.743750000000000355e-01 9.531250000000000000e-01 6.125000000000000583e-02
2.268749999999999933e-01 6.406250000000000000e-01 3.624999999999999750e-02
4.168749999999999956e-01 8.906250000000000000e-01 5.625000000000000833e-02
3.218750000000000222e-01 5.156250000000000000e-01 6.625000000000000333e-02
1.318749999999999922e-01 7.656250000000000000e-01 4.624999999999999944e-02
1.378125000000000044e-01 6.328125000000000000e-01 5.437500000000000666e-02
3.278125000000000067e-01 8.828125000000000000e-01 3.437500000000000278e-02
4.228124999999999800e-01 5.078125000000000000e-01 4.437499999999999778e-02
2.328124999999999778e-01 7.578125000000000000e-01 6.437500000000001554e-02
2.803124999999999645e-01 5.703125000000000000e-01 3.937500000000000028e-02
4.703125000000000222e-01 8.203125000000000000e-01 5.937500000000000416e-02
3.753124999999999933e-01 6.953125000000000000e-01 6.937500000000000611e-02
1.853124999999999911e-01 9.453125000000000000e-01 4.937500000000000222e-02
2.090624999999999845e-01 5.390625000000000000e-01 6.187500000000000638e-02
3.990624999999999867e-01 7.890625000000000000e-01 4.187500000000000250e-02
4.940625000000000155e-01 6.640625000000000000e-01 3.187500000000000056e-02
3.040625000000000133e-01 9.140625000000000000e-01 5.187500000000000444e-02
2.565625000000000266e-01 7.265625000000000000e-01 4.687500000000000000e-02
4.465624999999999734e-01 9.765625000000000000e-01 6.687500000000000389e-02
3.515625000000000000e-01 6.015625000000000000e-01 5.687500000000000888e-02
1.615624999999999978e-01 8.515625000000000000e-01 3.687499999999999806e-02
1.496875000000000011e-01 6.171875000000000000e-01 4.062500000000000139e-02
3.396875000000000311e-01 8.671875000000000000e-01 6.062500000000000527e-02
4.346875000000000044e-01 7.421875000000000000e-01 5.062500000000000333e-02
2.446875000000000022e-01 9.921875000000000000e-01 3.062499999999999944e-02
2.921874999999999889e-01 6.796875000000000000e-01 6.562500000000000278e-02
4.821874999999999911e-01 9.296875000000000000e-01 4.562499999999999889e-02
3.871875000000000178e-01 5.546875000000000000e-01 3.562500000000000389e-02
1.971875000000000155e-01 8.046875000000000000e-01 5.562500000000000777e-02
1.734374999999999944e-01 7.109375000000000000e-01 3.312500000000000167e-02
3.634374999999999689e-01 9.609375000000000000e-01 5.312500000000000555e-02
4.584374999999999978e-01 5.859375000000000000e-01 6.312500000000001443e-02
2.684374999999999956e-01 8.359375000000000000e-01 4.312500000000000361e-02
2.209375000000000089e-01 5.234375000000000000e-01 5.812500000000000305e-02
4.109375000000000111e-01 7.734375000000000000e-01 3.812499999999999917e-02
3.159374999999999822e-01 6.484375000000000000e-01 4.812500000000000111e-02
1.259375000000000078e-01 8.984375000000000000e-01 6.812500000000000500e-02
1.289062500000000000e-01 6.992187500000000000e-01 4.781250000000000083e-02
3.189062500000000022e-01 9.492187500000000000e-01 6.781249999999999778e-02
4.139062499999999756e-01 5.742187500000000000e-01 5.781250000000000278e-02
2.239062500000000011e-01 8.242187500000000000e-01 3.781249999999999889e-02
2.714062499999999600e-01 5.117187500000000000e-01 6.281250000000000722e-02
4.614062500000000178e-01 7.617187500000000000e-01 4.281250000000000333e-02
3.664062499999999889e-01 6.367187500000000000e-01 3.281250000000000139e-02
1.764062499999999867e-01 8.867187500000000000e-01 5.281249999999999833e-02
2.001562499999999800e-01 6.054687500000000000e-01 3.531249999999999667e-02
3.901562499999999822e-01 8.554687500000000000e-01 5.531250000000000056e-02
4.851562500000000111e-01 7.304687500000000000e-01 6.531249999999999556e-02
2.951562500000000089e-01 9.804687500000000000e-01 4.531250000000000555e-02
2.476562499999999944e-01 6.679687500000000000e-01 5.031250000000000305e-02
4.376562500000000244e-01 9.179687500000000000e-01 3.031249999999999917e-02
3.426562499999999956e-01 5.429687500000000000e-01 4.031250000000000111e-02
1.526562499999999933e-01 7.929687500000000000e-01 6.031250000000000500e-02
1.645312499999999900e-01 5.585937500000000000e-01 5.656250000000000167e-02
3.545312499999999645e-01 8.085937500000000000e-01 3.656249999999999778e-02
4.495312499999999933e-01 6.835937500000000000e-01 4.656250000000000666e-02
2.595312499999999911e-01 9.335937500000000000e-01 6.656249999999999667e-02
3.070312499999999778e-01 7.460937500000000000e-01 3.156250000000000028e-02
4.970312499999999800e-01 9.960937500000000000e-01 5.156250000000000416e-02
4.020312500000000067e-01 6.210937500000000000e-01 6.156250000000000611e-02
2.120312500000000044e-01 8.710937500000000000e-01 4.156250000000000222e-02
1.882812500000000111e-01 6.523437500000000000e-01 6.906249999999999889e-02
3.782812500000000133e-01 9.023437500000000000e-01 4.906250000000000194e-02
4.732812499999999867e-01 5.273437500000000000e-01 3.906250000000000000e-02
2.832812499999999845e-01 7.773437500000000000e-01 5.906250000000000389e-02
2.357812499999999978e-01 5.898437500000000000e-01 4.406250000000000444e-02
4.257812500000000000e-01 8.398437500000000000e-01 6.406250000000000833e-02
3.307812500000000266e-01 7.148437500000000000e-01 5.406249999999999944e-02
1.407812499999999967e-01 9.648437500000000000e-01 3.406250000000000250e-02
1.348437499999999845e-01 5.664062500000000000e-01 6.718750000000001110e-02
3.248437499999999867e-01 8.164062500000000000e-01 4.718750000000000722e-02
4.198437500000000155e-01 6.914062500000000000e-01 3.718749999999999833e-02
2.298437500000000133e-01 9.414062500000000000e-01 5.718750000000000222e-02
2.773437500000000000e-01 6.289062500000000000e-01 4.218750000000000278e-02
4.673437500000000022e-01 8.789062500000000000e-01 6.218750000000000666e-02
3.723437499999999734e-01 5.039062500000000000e-01 5.218750000000000472e-02
1.823437499999999989e-01 7.539062500000000000e-01 3.218750000000000083e-02
2.060937499999999922e-01 7.226562500000000000e-01 5.968750000000000444e-02
3.960937500000000222e-01 9.726562500000000000e-01 3.968750000000000056e-02
4.910937499999999956e-01 5.976562500000000000e-01 4.968750000000000250e-02
3.010937499999999933e-01 8.476562500000000000e-01 6.968750000000001332e-02
2.535937500000000067e-01 5.351562500000000000e-01 3.468749999999999611e-02
4.435937500000000089e-01 7.851562500000000000e-01 5.468750000000000000e-02
3.485937500000000355e-01 6.601562500000000000e-01 6.468750000000000888e-02
1.585937500000000056e-01 9.101562500000000000e-01 4.468750000000000500e-02
1.467187500000000089e-01 6.757812500000000000e-01 3.843749999999999944e-02
3.367187500000000111e-01 9.257812500000000000e-01 5.843750000000000333e-02
4.317187499999999845e-01 5.507812500000000000e-01 6.843750000000001221e-02
2.417187499999999822e-01 8.007812500000000000e-01 4.843750000000000139e-02
2.892187499999999689e-01 6.132812500000000000e-01 5.343749999999999889e-02
4.792187500000000266e-01 8.632812500000000000e-01 3.343750000000000194e-02
3.842187499999999978e-01 7.382812500000000000e-01 4.343750000000000389e-02
1.942187499999999956e-01 9.882812500000000000e-01 6.343750000000000777e-02
1.704687500000000022e-01 5.195312500000000000e-01 4.593750000000000611e-02
3.604687500000000044e-01 7.695312500000000000e-01 6.593750000000000999e-02
4.554687499999999778e-01 6.445312500000000000e-01 5.593750000000000111e-02
2.654687500000000311e-01 8.945312500000000000e-01 3.593749999999999722e-02
2.179687499999999889e-01 7.070312500000000000e-01 6.093750000000000555e-02
4.079687499999999911e-01 9.570312500000000000e-01 4.093750000000000167e-02
3.129687500000000178e-01 5.820312500000000000e-01 3.093749999999999972e-02
1.229687500000000017e-01 8.320312500000000000e-01 5.093750000000000361e-02
1.244531249999999978e-01 6.660156250000000000e-01 6.140625000000000250e-02
3.144531250000000000e-01 9.160156250000000000e-01 4.140624999999999861e-02
4.094531249999999734e-01 5.410156250000000000e-01 3.140624999999999667e-02
2.194531249999999989e-01 7.910156250000000000e-01 5.140625000000000056e-02
2.669531250000000133e-01 6.035156250000000000e-01 4.640625000000000305e-02
4.569531250000000155e-01 8.535156250000000000e-01 6.640625000000000000e-02
3.619531249999999867e-01 7.285156250000000000e-01 5.640625000000000500e-02
1.719531249999999845e-01 9.785156250000000000e-01 3.640625000000000111e-02
1.957031249999999778e-01 5.097656250000000000e-01 5.390625000000000278e-02
3.857031249999999800e-01 7.597656250000000000e-01 3.390624999999999889e-02
4.807031250000000089e-01 6.347656250000000000e-01 4.390625000000000083e-02
2.907031250000000067e-01 8.847656250000000000e-01 6.390624999999999778e-02
2.432031249999999922e-01 6.972656250000000000e-01 3.890625000000000333e-02
4.332031250000000222e-01 9.472656250000000000e-01 5.890625000000000722e-02
3.382031249999999933e-01 5.722656250000000000e-01 6.890625000000000222e-02
1.482031249999999911e-01 8.222656250000000000e-01 4.890624999999999833e-02
1.600781249999999878e-01 5.878906250000000000e-01 3.265624999999999778e-02
3.500781250000000178e-01 8.378906250000000000e-01 5.265625000000000167e-02
4.450781249999999911e-01 7.128906250000000000e-01 6.265624999999999667e-02
2.550781249999999889e-01 9.628906250000000000e-01 4.265624999999999972e-02
3.025781250000000311e-01 6.503906250000000000e-01 5.765625000000000611e-02
4.925781249999999778e-01 9.003906250000000000e-01 3.765625000000000222e-02
3.975781250000000044e-01 5.253906250000000000e-01 4.765624999999999722e-02
2.075781250000000022e-01 7.753906250000000000e-01 6.765625000000000111e-02
1.838281250000000089e-01 7.441406250000000000e-01 4.015625000000000444e-02
3.738281250000000111e-01 9.941406250000000000e-01 6.015625000000000833e-02
4.688281249999999845e-01 6.191406250000000000e-01 5.015624999999999944e-02
2.788281249999999822e-01 8.691406250000000000e-01 3.015624999999999903e-02
2.313281249999999956e-01 5.566406250000000000e-01 6.515624999999999889e-02
4.213281249999999978e-01 8.066406250000000000e-01 4.515625000000000194e-02
3.263281249999999689e-01 6.816406250000000000e-01 3.515625000000000000e-02
1.363281249999999944e-01 9.316406250000000000e-01 5.515625000000000389e-02
1.422656250000000067e-01 5.332031250000000000e-01 4.328125000000000028e-02
3.322656250000000089e-01 7.832031250000000000e-01 6.328125000000001110e-02
4.272656249999999822e-01 6.582031250000000000e-01 5.328125000000000222e-02
2.372656249999999800e-01 9.082031250000000000e-01 3.328124999999999833e-02
2.847656250000000222e-01 7.207031250000000000e-01 6.828125000000001554e-02
4.747656250000000244e-01 9.707031250000000000e-01 4.828124999999999778e-02
3.797656249999999956e-01 5.957031250000000000e-01 3.828125000000000278e-02
1.897656249999999933e-01 8.457031250000000000e-01 5.828125000000000666e-02
2.135156249999999867e-01 6.269531250000000000e-01 3.078124999999999958e-02
4.035156249999999889e-01 8.769531250000000000e-01 5.078125000000000000e-02
4.985156250000000178e-01 5.019531250000000000e-01 6.078125000000000888e-02
3.085156249999999600e-01 7.519531250000000000e-01 4.078125000000000500e-02
2.610156249999999734e-01 5.644531250000000000e-01 5.578125000000000444e-02
4.510156249999999756e-01 8.144531250000000000e-01 3.578125000000000056e-02
3.560156250000000022e-01 6.894531250000000000e-01 4.578125000000000250e-02
1.660156250000000000e-01 9.394531250000000000e-01 6.578125000000001332e-02
1.541406250000000033e-01 7.050781250000000000e-01 5.203125000000000111e-02
3.441406249999999778e-01 9.550781250000000000e-01 3.203124999999999722e-02
4.391406250000000067e-01 5.800781250000000000e-01 4.203124999999999917e-02
2.491406250000000044e-01 8.300781250000000000e-01 6.203125000000000305e-02
2.966406249999999911e-01 5.175781250000000000e-01 3.703125000000000167e-02
4.866406249999999933e-01 7.675781250000000000e-01 5.703125000000000555e-02
3.916406250000000200e-01 6.425781250000000000e-01 6.703125000000001443e-02
2.016406249999999900e-01 8.925781250000000000e-01 4.703125000000000361e-02
1.778906249999999967e-01 6.113281250000000000e-01 6.453125000000001221e-02
3.678906250000000266e-01 8.613281250000000000e-01 4.453125000000000139e-02
4.628906250000000000e-01 7.363281250000000000e-01 3.453124999999999944e-02
2.728906249999999978e-01 9.863281250000000000e-01 5.453125000000000333e-02
2.253906250000000111e-01 6.738281250000000000e-01 4.953124999999999889e-02
4.153906250000000133e-01 9.238281250000000000e-01 6.953125000000001665e-02
3.203906249999999845e-01 5.488281250000000000e-01 5.953125000000000777e-02
1.303906249999999822e-01 7.988281250000000000e-01 3.953125000000000389e-02
1.274218749999999900e-01 5.996093750000000000e-01 5.921875000000000056e-02
3.174218749999999645e-01 8.496093750000000000e-01 3.921874999999999667e-02
4.124218749999999933e-01 7.246093750000000000e-01 4.921875000000000555e-02
2.224218749999999911e-01 9.746093750000000000e-01 6.921875000000000944e-02
2.699218749999999778e-01 6.621093750000000000e-01 3.421874999999999917e-02
4.599218749999999800e-01 9.121093750000000000e-01 5.421875000000000305e-02
3.649218750000000067e-01 5.371093750000000000e-01 6.421875000000000500e-02
1.749218750000000044e-01 7.871093750000000000e-01 4.421875000000000111e-02
1.986718749999999978e-01 6.933593750000000000e-01 6.671875000000000722e-02
3.886718750000000000e-01 9.433593750000000000e-01 4.671875000000000333e-02
4.836718749999999734e-01 5.683593750000000000e-01 3.671875000000000139e-02
2.936718750000000266e-01 8.183593750000000000e-01 5.671875000000000527e-02
2.461718749999999845e-01 5.058593750000000000e-01 4.171874999999999889e-02
4.361718749999999867e-01 7.558593750000000000e-01 6.171875000000000278e-02
3.411718750000000133e-01 6.308593750000000000e-01 5.171875000000000777e-02
1.511718750000000111e-01 8.808593750000000000e-01 3.171874999999999695e-02
1.630468749999999800e-01 6.464843750000000000e-01 4.546875000000000222e-02
3.530468749999999822e-01 8.964843750000000000e-01 6.546875000000000611e-02
4.480468750000000111e-01 5.214843750000000000e-01 5.546875000000000416e-02
2.580468750000000089e-01 7.714843750000000000e-01 3.546875000000000028e-02
3.055468749999999956e-01 5.839843750000000000e-01 6.046875000000000167e-02
4.955468749999999978e-01 8.339843750000000000e-01 4.046874999999999778e-02
4.005468750000000244e-01 7.089843750000000000e-01 3.046874999999999931e-02
2.105468749999999944e-01 9.589843750000000000e-01 5.046875000000000666e-02
1.867968750000000011e-01 5.527343750000000000e-01 3.796875000000000250e-02
3.767968749999999756e-01 8.027343750000000000e-01 5.796874999999999944e-02
4.717968750000000044e-01 6.777343750000000000e-01 6.796875000000000833e-02
2.817968750000000022e-01 9.277343750000000000e-01 4.796875000000000444e-02
2.342968750000000155e-01 7.402343750000000000e-01 5.296875000000000194e-02
4.242968750000000178e-01 9.902343750000000000e-01 3.296874999999999806e-02
3.292968749999999889e-01 6.152343750000000000e-01 4.296875000000000000e-02
1.392968749999999867e-01 8.652343750000000000e-01 6.296875000000000389e-02
1.333593750000000022e-01 7.324218750000000000e-01 3.609375000000000083e-02
3.233593750000000044e-01 9.824218750000000000e-01 5.609375000000000472e-02
4.183593749999999778e-01 6.074218750000000000e-01 6.609375000000000666e-02
2.283593750000000033e-01 8.574218750000000000e-01 4.609375000000000278e-02
2.758593750000000178e-01 5.449218750000000000e-01 5.109375000000000722e-02
4.658593750000000200e-01 7.949218750000000000e-01 3.109374999999999986e-02
3.708593749999999911e-01 6.699218750000000000e-01 4.109374999999999833e-02
1.808593749999999889e-01 9.199218750000000000e-01 6.109375000000000222e-02
2.046093749999999822e-01 5.761718750000000000e-01 4.859375000000000500e-02
3.946093749999999845e-01 8.261718750000000000e-01 6.859375000000000888e-02
4.896093750000000133e-01 7.011718750000000000e-01 5.859375000000000000e-02
2.996093750000000111e-01 9.511718750000000000e-01 3.859375000000000305e-02
2.521093749999999689e-01 6.386718750000000000e-01 6.359375000000000444e-02
4.421093750000000266e-01 8.886718750000000000e-01 4.359375000000000056e-02
3.471093749999999978e-01 5.136718750000000000e-01 3.359374999999999861e-02
1.571093749999999956e-01 7.636718750000000000e-01 5.359375000000000250e-02
1.452343749999999989e-01 5.292968750000000000e-01 6.984375000000000999e-02
3.352343749999999734e-01 7.792968750000000000e-01 4.984375000000000611e-02
4.302343750000000022e-01 6.542968750000000000e-01 3.984374999999999722e-02
2.402343750000000000e-01 9.042968750000000000e-01 5.984375000000000111e-02
2.877343749999999867e-01 7.167968750000000000e-01 4.484375000000000167e-02
4.777343749999999889e-01 9.667968750000000000e-01 6.484375000000000555e-02
3.827343750000000155e-01 5.917968750000000000e-01 5.484375000000000361e-02
1.927343750000000133e-01 8.417968750000000000e-01 3.484374999999999972e-02
1.689843749999999922e-01 6.855468750000000000e-01 5.734375000000000583e-02
3.589843750000000222e-01 9.355468750000000000e-01 3.734375000000000194e-02
4.539843749999999956e-01 5.605468750000000000e-01 4.734375000000000389e-02
2.639843749999999933e-01 8.105468750000000000e-01 6.734375000000000777e-02
2.164843750000000067e-01 6.230468750000000000e-01 3.234374999999999750e-02
4.064843750000000089e-01 8.730468750000000000e-01 5.234375000000000833e-02
3.114843750000000355e-01 7.480468750000000000e-01 6.234375000000000333e-02
1.214843749999999917e-01 9.980468750000000000e-01 4.234374999999999944e-02
1.222265624999999967e-01 7.490234375000000000e-01 5.617187500000000305e-02
3.122265625000000266e-01 9.990234375000000000e-01 3.617187499999999917e-02
4.072265625000000000e-01 6.240234375000000000e-01 4.617187500000000111e-02
2.172265624999999978e-01 8.740234375000000000e-01 6.617187500000000500e-02
2.647265624999999845e-01 5.615234375000000000e-01 3.117187499999999820e-02
4.547265624999999867e-01 8.115234375000000000e-01 5.117187500000000555e-02
3.597265625000000133e-01 6.865234375000000000e-01 6.117187500000000056e-02
1.697265625000000111e-01 9.365234375000000000e-01 4.117187500000000361e-02
1.934765625000000044e-01 5.927734375000000000e-01 6.867187500000000722e-02
3.834765625000000067e-01 8.427734375000000000e-01 4.867187500000000333e-02
4.784765624999999800e-01 7.177734375000000000e-01 3.867187500000000139e-02
2.884765624999999778e-01 9.677734375000000000e-01 5.867187500000000527e-02
2.409765624999999911e-01 6.552734375000000000e-01 4.367187499999999889e-02
4.309765624999999933e-01 9.052734375000000000e-01 6.367187500000000278e-02
3.359765624999999645e-01 5.302734375000000000e-01 5.367187500000000777e-02
1.459765624999999900e-01 7.802734375000000000e-01 3.367187499999999695e-02
1.578515624999999867e-01 5.146484375000000000e-01 4.992187500000000444e-02
3.478515624999999889e-01 7.646484375000000000e-01 6.992187500000000833e-02
4.428515625000000178e-01 6.396484375000000000e-01 5.992187500000000638e-02
2.528515624999999600e-01 8.896484375000000000e-01 3.992187500000000250e-02
3.003515625000000022e-01 7.021484375000000000e-01 6.492187500000000389e-02
4.903515625000000044e-01 9.521484375000000000e-01 4.492187500000000000e-02
3.953515624999999756e-01 5.771484375000000000e-01 3.492187499999999806e-02
2.053515625000000011e-01 8.271484375000000000e-01 5.492187500000000888e-02
1.816015624999999800e-01 6.708984375000000000e-01 3.742187500000000028e-02
3.716015624999999822e-01 9.208984375000000000e-01 5.742187500000000416e-02
4.666015625000000111e-01 5.458984375000000000e-01 6.742187500000000611e-02
2.766015625000000089e-01 7.958984375000000000e-01 4.742187500000000222e-02
2.291015624999999944e-01 6.083984375000000000e-01 5.242187500000000666e-02
4.191015625000000244e-01 8.583984375000000000e-01 3.242187500000000278e-02
3.241015624999999956e-01 7.333984375000000000e-01 4.242187499999999778e-02
1.341015624999999933e-01 9.833984375000000000e-01 6.242187500000000860e-02
1.400390625000000056e-01 6.162109375000000000e-01 3.929687500000000194e-02
3.300390625000000355e-01 8.662109375000000000e-01 5.929687500000000583e-02
4.250390625000000089e-01 7.412109375000000000e-01 6.929687500000000777e-02
2.350390625000000067e-01 9.912109375000000000e-01 4.929687500000000389e-02
2.825390624999999933e-01 6.787109375000000000e-01 5.429687500000000833e-02
4.725390624999999956e-01 9.287109375000000000e-01 3.429687499999999750e-02
3.775390625000000222e-01 5.537109375000000000e-01 4.429687499999999944e-02
1.875390624999999922e-01 8.037109375000000000e-01 6.429687500000000333e-02
2.112890625000000133e-01 7.099609375000000000e-01 4.679687500000000167e-02
4.012890625000000155e-01 9.599609375000000000e-01 6.679687500000000555e-02
4.962890624999999889e-01 5.849609375000000000e-01 5.679687500000000361e-02
3.062890624999999867e-01 8.349609375000000000e-01 3.679687499999999972e-02
2.587890625000000000e-01 5.224609375000000000e-01 6.179687500000000805e-02
4.487890625000000022e-01 7.724609375000000000e-01 4.179687499999999722e-02
3.537890624999999734e-01 6.474609375000000000e-01 3.179687500000000222e-02
1.637890624999999989e-01 8.974609375000000000e-01 5.179687500000000611e-02
1.519140625000000022e-01 6.318359375000000000e-01 6.554687500000000444e-02
3.419140625000000044e-01 8.818359375000000000e-01 4.554687500000000056e-02
4.369140624999999778e-01 5.068359375000000000e-01 3.554687499999999861e-02
2.469140625000000033e-01 7.568359375000000000e-01 5.554687500000000250e-02
2.944140625000000178e-01 5.693359375000000000e-01 4.054687500000000305e-02
4.844140625000000200e-01 8.193359375000000000e-01 6.054687500000000000e-02
3.894140624999999911e-01 6.943359375000000000e-01 5.054687500000000500e-02
1.994140624999999889e-01 9.443359375000000000e-01 3.054687499999999764e-02
1.756640624999999956e-01 5.380859375000000000e-01 5.804687500000000472e-02
3.656640624999999978e-01 7.880859375000000000e-01 3.804687500000000083e-02
4.606640625000000266e-01 6.630859375000000000e-01 4.804687500000000278e-02
2.706640624999999689e-01 9.130859375000000000e-01 6.804687500000000666e-02
2.231640624999999822e-01 7.255859375000000000e-01 3.304687499999999639e-02
4.131640624999999845e-01 9.755859375000000000e-01 5.304687500000000722e-02
3.181640625000000111e-01 6.005859375000000000e-01 6.304687500000000222e-02
1.281640625000000089e-01 8.505859375000000000e-01 4.304687499999999833e-02
1.311328125000000011e-01 5.498046875000000000e-01 6.335937499999999556e-02
3.211328125000000311e-01 7.998046875000000000e-01 4.335937500000000555e-02
4.161328125000000044e-01 6.748046875000000000e-01 3.335937499999999667e-02
2.261328125000000022e-01 9.248046875000000000e-01 5.335937500000000056e-02
2.736328124999999889e-01 7.373046875000000000e-01 4.835937500000000305e-02
4.636328124999999911e-01 9.873046875000000000e-01 6.835937500000000000e-02
3.686328125000000178e-01 6.123046875000000000e-01 5.835937500000000500e-02
1.786328124999999878e-01 8.623046875000000000e-01 3.835937500000000111e-02
2.023828125000000089e-01 6.435546875000000000e-01 5.085937499999999833e-02
3.923828125000000111e-01 8.935546875000000000e-01 3.085937499999999792e-02
4.873828124999999845e-01 5.185546875000000000e-01 4.085937500000000333e-02
2.973828124999999822e-01 7.685546875000000000e-01 6.085937500000000722e-02
2.498828124999999956e-01 5.810546875000000000e-01 3.585937499999999889e-02
4.398828124999999978e-01 8.310546875000000000e-01 5.585937500000000278e-02
3.448828124999999689e-01 7.060546875000000000e-01 6.585937499999999778e-02
1.548828124999999944e-01 9.560546875000000000e-01 4.585937500000000083e-02
1.667578124999999911e-01 6.904296875000000000e-01 3.210937500000000250e-02
3.567578124999999933e-01 9.404296875000000000e-01 5.210937499999999944e-02
4.517578125000000222e-01 5.654296875000000000e-01 6.210937500000000833e-02
2.617578124999999645e-01 8.154296875000000000e-01 4.210937500000000444e-02
3.092578125000000067e-01 5.029296875000000000e-01 5.710937500000000389e-02
4.992578125000000089e-01 7.529296875000000000e-01 3.710937500000000000e-02
4.042578124999999800e-01 6.279296875000000000e-01 4.710937500000000194e-02
2.142578124999999778e-01 8.779296875000000000e-01 6.710937499999999889e-02
1.905078124999999845e-01 5.966796875000000000e-01 4.460937499999999972e-02
3.805078124999999867e-01 8.466796875000000000e-01 6.460937499999999667e-02
4.755078125000000155e-01 7.216796875000000000e-01 5.460937500000000167e-02
2.855078125000000133e-01 9.716796875000000000e-01 3.460937499999999778e-02
2.380078124999999989e-01 6.591796875000000000e-01 6.960937500000000111e-02
4.280078124999999734e-01 9.091796875000000000e-01 4.960937500000000416e-02
3.330078125000000000e-01 5.341796875000000000e-01 3.960937500000000222e-02
1.430078124999999978e-01 7.841796875000000000e-01 5.960937500000000611e-02
1.370703124999999856e-01 6.826171875000000000e-01 4.148437500000000389e-02
3.270703124999999600e-01 9.326171875000000000e-01 6.148437500000000777e-02
4.220703124999999889e-01 5.576171875000000000e-01 5.148437499999999889e-02
2.320703124999999867e-01 8.076171875000000000e-01 3.148437500000000194e-02
2.795703124999999734e-01 6.201171875000000000e-01 6.648437500000001221e-02
4.695703124999999756e-01 8.701171875000000000e-01 4.648437500000000139e-02
3.745703125000000022e-01 7.451171875000000000e-01 3.648437499999999944e-02
1.845703125000000000e-01 9.951171875000000000e-01 5.648437500000000333e-02
2.083203124999999933e-01 5.263671875000000000e-01 3.398437499999999722e-02
3.983203124999999956e-01 7.763671875000000000e-01 5.398437500000000111e-02
4.933203125000000244e-01 6.513671875000000000e-01 6.398437500000000999e-02
3.033203125000000222e-01 9.013671875000000000e-01 4.398437499999999917e-02
2.558203125000000355e-01 7.138671875000000000e-01 5.898437500000000555e-02
4.458203124999999822e-01 9.638671875000000000e-01 3.898437500000000167e-02
3.508203125000000089e-01 5.888671875000000000e-01 4.898437500000000361e-02
1.608203125000000067e-01 8.388671875000000000e-01 6.898437500000001443e-02
1.489453124999999822e-01 5.732421875000000000e-01 5.273437500000000000e-02
3.389453124999999845e-01 8.232421875000000000e-01 3.273437499999999611e-02
4.339453125000000133e-01 6.982421875000000000e-01 4.273437500000000500e-02
2.439453125000000111e-01 9.482421875000000000e-01 6.273437500000000888e-02
2.914453124999999978e-01 6.357421875000000000e-01 3.773437500000000056e-02
4.814453125000000000e-01 8.857421875000000000e-01 5.773437500000000444e-02
3.864453124999999711e-01 5.107421875000000000e-01 6.773437500000001332e-02
1.964453124999999967e-01 7.607421875000000000e-01 4.773437500000000250e-02
1.726953125000000033e-01 7.294921875000000000e-01 6.023437500000000666e-02
3.626953124999999778e-01 9.794921875000000000e-01 4.023437500000000278e-02
4.576953125000000067e-01 6.044921875000000000e-01 3.023437499999999736e-02
2.676953125000000044e-01 8.544921875000000000e-01 5.023437499999999778e-02
2.201953124999999900e-01 5.419921875000000000e-01 4.523437500000000028e-02
4.101953125000000200e-01 7.919921875000000000e-01 6.523437500000001110e-02
3.151953124999999911e-01 6.669921875000000000e-01 5.523437500000000222e-02
1.251953124999999889e-01 9.169921875000000000e-01 3.523437499999999833e-02
1.237109374999999928e-01 5.830078125000000000e-01 4.726562500000000555e-02
3.137109375000000089e-01 8.330078125000000000e-01 6.726562500000000944e-02
4.087109374999999822e-01 7.080078125000000000e-01 5.726562500000000056e-02
2.187109374999999800e-01 9.580078125000000000e-01 3.726562499999999667e-02
2.662109375000000222e-01 6.455078125000000000e-01 6.226562500000000500e-02
4.562109375000000244e-01 8.955078125000000000e-01 4.226562500000000111e-02
3.612109374999999956e-01 5.205078125000000000e-01 3.226562499999999917e-02
1.712109374999999933e-01 7.705078125000000000e-01 5.226562500000000305e-02
1.949609374999999867e-01 7.392578125000000000e-01 3.976562499999999889e-02
3.849609374999999889e-01 9.892578125000000000e-01 5.976562500000000278e-02
4.799609375000000178e-01 6.142578125000000000e-01 6.976562499999999778e-02
2.899609374999999600e-01 8.642578125000000000e-01 4.976562500000000777e-02
2.424609375000000011e-01 5.517578125000000000e-01 5.476562500000000527e-02
4.324609374999999756e-01 8.017578125000000000e-01 3.476562500000000139e-02
3.374609375000000022e-01 6.767578125000000000e-01 4.476562500000000333e-02
1.474609375000000000e-01 9.267578125000000000e-01 6.476562500000000722e-02
1.593359374999999967e-01 6.611328125000000000e-01 5.851562500000000167e-02
3.493359375000000266e-01 9.111328125000000000e-01 3.851562499999999778e-02
4.443359375000000000e-01 5.361328125000000000e-01 4.851562500000000666e-02
2.543359374999999978e-01 7.861328125000000000e-01 6.851562499999999667e-02
3.018359374999999845e-01 5.986328125000000000e-01 3.351562500000000028e-02
4.918359374999999867e-01 8.486328125000000000e-01 5.351562500000000416e-02
3.968359375000000133e-01 7.236328125000000000e-01 6.351562500000000611e-02
2.068359375000000111e-01 9.736328125000000000e-01 4.351562500000000222e-02
1.830859374999999900e-01 5.048828125000000000e-01 6.601562500000000833e-02
3.730859375000000200e-01 7.548828125000000000e-01 4.601562500000000444e-02
4.680859374999999933e-01 6.298828125000000000e-01 3.601562500000000250e-02
2.780859374999999911e-01 8.798828125000000000e-01 5.601562499999999944e-02
2.305859375000000044e-01 6.923828125000000000e-01 4.101562500000000000e-02
4.205859375000000067e-01 9.423828125000000000e-01 6.101562500000000389e-02
3.255859374999999778e-01 5.673828125000000000e-01 5.101562500000000194e-02
1.355859375000000033e-01 8.173828125000000000e-01 3.101562499999999806e-02
1.415234374999999878e-01 7.158203125000000000e-01 6.789062500000000999e-02
3.315234375000000178e-01 9.658203125000000000e-01 4.789062500000000611e-02
4.265234374999999911e-01 5.908203125000000000e-01 3.789062499999999722e-02
2.365234374999999889e-01 8.408203125000000000e-01 5.789062500000000111e-02
2.840234375000000311e-01 5.283203125000000000e-01 4.289062500000000167e-02
4.740234374999999778e-01 7.783203125000000000e-01 6.289062500000000555e-02
3.790234375000000044e-01 6.533203125000000000e-01 5.289062500000000361e-02
1.890234375000000022e-01 9.033203125000000000e-01 3.289062499999999972e-02
2.127734374999999956e-01 6.220703125000000000e-01 5.539062499999999889e-02
4.027734374999999978e-01 8.720703125000000000e-01 3.539062500000000194e-02
4.977734375000000266e-01 7.470703125000000000e-01 4.539062500000000389e-02
3.077734374999999689e-01 9.970703125000000000e-01 6.539062500000000777e-02
2.602734374999999822e-01 6.845703125000000000e-01 3.039062499999999750e-02
4.502734374999999845e-01 9.345703125000000000e-01 5.039062500000000139e-02
3.552734375000000111e-01 5.595703125000000000e-01 6.039062500000000333e-02
1.652734375000000089e-01 8.095703125000000000e-01 4.039062499999999944e-02
1.533984374999999845e-01 5.439453125000000000e-01 3.664062500000000305e-02
3.433984374999999867e-01 7.939453125000000000e-01 5.664062500000000000e-02
4.383984375000000155e-01 6.689453125000000000e-01 6.664062500000000888e-02
2.483984374999999856e-01 9.189453125000000000e-01 4.664062500000000500e-02
2.958984375000000000e-01 7.314453125000000000e-01 5.164062500000000250e-02
4.858984375000000022e-01 9.814453125000000000e-01 3.164062499999999861e-02
3.908984374999999734e-01 6.064453125000000000e-01 4.164062500000000056e-02
2.008984374999999989e-01 8.564453125000000000e-01 6.164062500000000444e-02
1.771484375000000056e-01 6.376953125000000000e-01 4.914062500000000722e-02
3.671484375000000355e-01 8.876953125000000000e-01 6.914062500000001110e-02
4.621484375000000089e-01 5.126953125000000000e-01 5.914062500000000222e-02
2.721484375000000067e-01 7.626953125000000000e-01 3.914062499999999833e-02
2.246484374999999922e-01 5.751953125000000000e-01 6.414062500000000666e-02
4.146484375000000222e-01 8.251953125000000000e-01 4.414062500000000278e-02
3.196484374999999933e-01 7.001953125000000000e-01 3.414062500000000083e-02
1.296484374999999911e-01 9.501953125000000000e-01 5.414062500000000472e-02
1.266796874999999989e-01 6.494140625000000000e-01 3.445312500000000111e-02
3.166796874999999734e-01 8.994140625000000000e-01 5.445312500000000500e-02
4.116796875000000022e-01 5.244140625000000000e-01 6.445312500000000000e-02
2.216796875000000000e-01 7.744140625000000000e-01 4.445312500000000305e-02
2.691796874999999867e-01 5.869140625000000000e-01 5.945312500000000944e-02
4.591796874999999889e-01 8.369140625000000000e-01 3.945312499999999861e-02
3.641796874999999600e-01 7.119140625000000000e-01 4.945312500000000056e-02
1.741796875000000133e-01 9.619140625000000000e-01 6.945312500000000444e-02
1.979296875000000067e-01 5.556640625000000000e-01 4.195312500000000083e-02
3.879296875000000089e-01 8.056640625000000000e-01 6.195312500000000472e-02
4.829296874999999822e-01 6.806640625000000000e-01 5.195312500000000278e-02
2.929296875000000355e-01 9.306640625000000000e-01 3.195312499999999889e-02
2.454296874999999933e-01 7.431640625000000000e-01 6.695312500000000222e-02
4.354296874999999956e-01 9.931640625000000000e-01 4.695312499999999833e-02
3.404296875000000222e-01 6.181640625000000000e-01 3.695312500000000333e-02
1.504296874999999922e-01 8.681640625000000000e-01 5.695312500000000722e-02
1.623046874999999889e-01 6.025390625000000000e-01 6.070312500000000361e-02
3.523046874999999911e-01 8.525390625000000000e-01 4.070312499999999972e-02
4.473046875000000200e-01 7.275390625000000000e-01 3.070312499999999778e-02
2.573046875000000178e-01 9.775390625000000000e-01 5.070312500000000167e-02
3.048046875000000044e-01 6.650390625000000000e-01 4.570312499999999722e-02
4.948046875000000067e-01 9.150390625000000000e-01 6.570312500000000111e-02
3.998046874999999778e-01 5.400390625000000000e-01 5.570312500000000611e-02
2.098046875000000033e-01 7.900390625000000000e-01 3.570312500000000222e-02
1.860546874999999822e-01 6.962890625000000000e-01 5.320312500000000389e-02
3.760546874999999845e-01 9.462890625000000000e-01 3.320312500000000000e-02
4.710546875000000133e-01 5.712890625000000000e-01 4.320312500000000194e-02
2.810546875000000111e-01 8.212890625000000000e-01 6.320312499999999889e-02
2.335546874999999967e-01 5.087890625000000000e-01 3.820312500000000444e-02
4.235546875000000266e-01 7.587890625000000000e-01 5.820312500000000833e-02
3.285546874999999978e-01 6.337890625000000000e-01 6.820312500000000333e-02
1.385546874999999956e-01 8.837890625000000000e-01 4.820312499999999944e-02
1.326171874999999833e-01 5.166015625000000000e-01 5.007812500000000111e-02
3.226171875000000133e-01 7.666015625000000000e-01 3.007812499999999722e-02
4.176171874999999867e-01 6.416015625000000000e-01 4.007812499999999917e-02
2.276171874999999845e-01 8.916015625000000000e-01 6.007812500000000305e-02
2.751171875000000266e-01 7.041015625000000000e-01 3.507812500000000167e-02
4.651171874999999734e-01 9.541015625000000000e-01 5.507812500000000555e-02
3.701171875000000000e-01 5.791015625000000000e-01 6.507812500000001443e-02
1.801171874999999978e-01 8.291015625000000000e-01 4.507812500000000361e-02
2.038671874999999911e-01 6.728515625000000000e-01 6.257812500000001221e-02
3.938671874999999933e-01 9.228515625000000000e-01 4.257812500000000139e-02
4.888671875000000222e-01 5.478515625000000000e-01 3.257812499999999944e-02
2.988671874999999645e-01 7.978515625000000000e-01 5.257812500000000333e-02
2.513671874999999778e-01 6.103515625000000000e-01 4.757812499999999889e-02
4.413671874999999800e-01 8.603515625000000000e-01 6.757812500000000278e-02
3.463671875000000067e-01 7.353515625000000000e-01 5.757812500000000777e-02
1.563671875000000044e-01 9.853515625000000000e-01 3.757812500000000389e-02
1.444921875000000078e-01 7.197265625000000000e-01 4.382812500000000250e-02
3.344921874999999822e-01 9.697265625000000000e-01 6.382812500000001332e-02
4.294921875000000111e-01 5.947265625000000000e-01 5.382812500000000444e-02
2.394921875000000089e-01 8.447265625000000000e-01 3.382812500000000056e-02
2.869921874999999956e-01 5.322265625000000000e-01 6.882812500000000389e-02
4.769921874999999978e-01 7.822265625000000000e-01 4.882812500000000000e-02
3.819921875000000244e-01 6.572265625000000000e-01 3.882812499999999806e-02
1.919921874999999944e-01 9.072265625000000000e-01 5.882812500000000888e-02
1.682421875000000011e-01 5.634765625000000000e-01 3.132812499999999833e-02
3.582421875000000311e-01 8.134765625000000000e-01 5.132812500000000222e-02
4.532421875000000044e-01 6.884765625000000000e-01 6.132812500000000416e-02
2.632421875000000022e-01 9.384765625000000000e-01 4.132812500000000028e-02
2.157421875000000155e-01 6.259765625000000000e-01 5.632812500000000666e-02
4.057421875000000178e-01 8.759765625000000000e-01 3.632812500000000278e-02
3.107421874999999889e-01 5.009765625000000000e-01 4.632812499999999778e-02
1.207421875000000006e-01 7.509765625000000000e-01 6.632812500000001554e-02
1.211132812499999961e-01 6.254882812500000000e-01 4.449218750000000222e-02
3.111132812499999845e-01 8.754882812500000000e-01 6.449218750000000611e-02
4.061132812500000133e-01 5.004882812500000000e-01 5.449218750000000416e-02
2.161132812500000111e-01 7.504882812500000000e-01 3.449218750000000028e-02
2.636132812499999978e-01 5.629882812500000000e-01 6.949218749999999667e-02
4.536132812500000000e-01 8.129882812500000000e-01 4.949218750000000666e-02
3.586132812500000266e-01 6.879882812500000000e-01 3.949218749999999778e-02
1.686132812499999967e-01 9.379882812500000000e-01 5.949218750000000167e-02
1.923632812499999900e-01 5.317382812500000000e-01 3.199218749999999806e-02
3.823632812500000200e-01 7.817382812500000000e-01 5.199218750000000194e-02
4.773632812499999933e-01 6.567382812500000000e-01 6.199218750000000389e-02
2.873632812499999911e-01 9.067382812500000000e-01 4.199218750000000000e-02
2.398632812500000044e-01 7.192382812500000000e-01 5.699218749999999944e-02
4.298632812500000067e-01 9.692382812500000000e-01 3.699218750000000250e-02
3.348632812499999778e-01 5.942382812500000000e-01 4.699218750000000444e-02
1.448632812500000033e-01 8.442382812500000000e-01 6.699218750000000833e-02
1.567382812500000000e-01 6.098632812500000000e-01 5.074218750000000777e-02
3.467382812500000022e-01 8.598632812500000000e-01 3.074218750000000042e-02
4.417382812499999756e-01 7.348632812500000000e-01 4.074218749999999889e-02
2.517382812499999734e-01 9.848632812500000000e-01 6.074218750000000278e-02
2.992382812499999600e-01 6.723632812500000000e-01 3.574218750000000139e-02
4.892382812500000178e-01 9.223632812500000000e-01 5.574218750000000527e-02
3.942382812499999889e-01 5.473632812500000000e-01 6.574218750000000722e-02
2.042382812499999867e-01 7.973632812500000000e-01 4.574218750000000333e-02
1.804882812499999933e-01 7.036132812500000000e-01 6.324218750000000500e-02
3.704882812499999956e-01 9.536132812500000000e-01 4.324218750000000111e-02
4.654882812500000244e-01 5.786132812500000000e-01 3.324218749999999917e-02
2.754882812500000222e-01 8.286132812500000000e-01 5.324218750000000305e-02
2.279882812499999800e-01 5.161132812500000000e-01 4.824218750000000555e-02
4.179882812499999822e-01 7.661132812500000000e-01 6.824218750000000944e-02
3.229882812500000089e-01 6.411132812500000000e-01 5.824218750000000056e-02
1.329882812500000067e-01 8.911132812500000000e-01 3.824218749999999667e-02
1.389257812499999911e-01 5.083007812500000000e-01 6.011718750000000222e-02
3.289257812499999933e-01 7.583007812500000000e-01 4.011718749999999833e-02
4.239257812500000222e-01 6.333007812500000000e-01 3.011718749999999986e-02
2.339257812499999922e-01 8.833007812500000000e-01 5.011718750000000722e-02
2.814257812500000067e-01 6.958007812500000000e-01 4.511718750000000278e-02
4.714257812500000089e-01 9.458007812500000000e-01 6.511718750000000666e-02
3.764257812499999800e-01 5.708007812500000000e-01 5.511718750000000472e-02
1.864257812499999778e-01 8.208007812500000000e-01 3.511718750000000083e-02
2.101757812499999989e-01 6.645507812500000000e-01 5.261718750000000250e-02
4.001757812499999734e-01 9.145507812500000000e-01 3.261718749999999861e-02
4.951757812500000022e-01 5.395507812500000000e-01 4.261718750000000056e-02
3.051757812500000000e-01 7.895507812500000000e-01 6.261718750000000444e-02
2.576757812500000133e-01 6.020507812500000000e-01 3.761718750000000305e-02
4.476757812500000155e-01 8.520507812500000000e-01 5.761718750000000000e-02
3.526757812499999867e-01 7.270507812500000000e-01 6.761718750000000888e-02
1.626757812499999845e-01 9.770507812500000000e-01 4.761718750000000500e-02
1.508007812499999878e-01 7.426757812500000000e-01 3.386718749999999972e-02
3.408007812500000178e-01 9.926757812500000000e-01 5.386718750000000361e-02
4.358007812499999911e-01 6.176757812500000000e-01 6.386718750000000555e-02
2.458007812499999889e-01 8.676757812500000000e-01 4.386718750000000167e-02
2.933007812500000311e-01 5.551757812500000000e-01 5.886718750000000111e-02
4.833007812499999778e-01 8.051757812500000000e-01 3.886718749999999722e-02
3.883007812500000044e-01 6.801757812500000000e-01 4.886718750000000611e-02
1.983007812500000022e-01 9.301757812500000000e-01 6.886718750000000999e-02
1.745507812500000089e-01 5.864257812500000000e-01 4.136718749999999944e-02
3.645507812500000111e-01 8.364257812500000000e-01 6.136718750000000333e-02
4.595507812499999845e-01 7.114257812500000000e-01 5.136718750000000139e-02
2.695507812499999822e-01 9.614257812500000000e-01 3.136718749999999750e-02
2.220507812499999956e-01 6.489257812500000000e-01 6.636718750000000777e-02
4.120507812499999978e-01 8.989257812500000000e-01 4.636718750000000389e-02
3.170507812499999689e-01 5.239257812500000000e-01 3.636718750000000194e-02
1.270507812499999944e-01 7.739257812500000000e-01 5.636718749999999889e-02
1.300195312499999867e-01 5.747070312500000000e-01 3.730468750000000278e-02
3.200195312499999889e-01 8.247070312500000000e-01 5.730468750000000666e-02
4.150195312500000178e-01 6.997070312500000000e-01 6.730468750000001554e-02
2.250195312500000155e-01 9.497070312500000000e-01 4.730468749999999778e-02
2.725195312500000022e-01 6.372070312500000000e-01 5.230468750000000222e-02
4.625195312500000044e-01 8.872070312500000000e-01 3.230468749999999833e-02
3.675195312500000311e-01 5.122070312500000000e-01 4.230468750000000028e-02
1.775195312500000011e-01 7.622070312500000000e-01 6.230468750000000416e-02
2.012695312499999944e-01 7.309570312500000000e-01 4.980468750000000000e-02
3.912695312500000244e-01 9.809570312500000000e-01 6.980468750000000389e-02
4.862695312499999978e-01 6.059570312500000000e-01 5.980468750000000888e-02
2.962695312499999956e-01 8.559570312500000000e-01 3.980468750000000500e-02
2.487695312500000089e-01 5.434570312500000000e-01 6.480468750000001332e-02
4.387695312500000111e-01 7.934570312500000000e-01 4.480468750000000250e-02
3.437695312499999822e-01 6.684570312500000000e-01 3.480468750000000056e-02
1.537695312499999800e-01 9.184570312500000000e-01 5.480468750000000444e-02
1.656445312500000044e-01 6.840820312500000000e-01 6.855468750000001665e-02
3.556445312500000067e-01 9.340820312500000000e-01 4.855468749999999889e-02
4.506445312499999800e-01 5.590820312500000000e-01 3.855468750000000389e-02
2.606445312499999778e-01 8.090820312500000000e-01 5.855468750000000777e-02
3.081445312499999645e-01 6.215820312500000000e-01 4.355468750000000139e-02
4.981445312500000222e-01 8.715820312500000000e-01 6.355468750000001221e-02
4.031445312499999933e-01 7.465820312500000000e-01 5.355468750000000333e-02
2.131445312499999911e-01 9.965820312500000000e-01 3.355468749999999944e-02
1.893945312499999978e-01 5.278320312500000000e-01 5.605468750000000555e-02
3.793945312500000000e-01 7.778320312500000000e-01 3.605468750000000167e-02
4.743945312499999734e-01 6.528320312500000000e-01 4.605468750000000361e-02
2.843945312500000266e-01 9.028320312500000000e-01 6.605468750000001443e-02
2.368945312499999845e-01 7.153320312500000000e-01 3.105468750000000069e-02
4.268945312499999867e-01 9.653320312500000000e-01 5.105468750000000111e-02
3.318945312500000133e-01 5.903320312500000000e-01 6.105468750000000999e-02
1.418945312500000111e-01 8.403320312500000000e-01 4.105468749999999917e-02
1.359570312499999989e-01 6.918945312500000000e-01 5.792968750000000722e-02
3.259570312499999734e-01 9.418945312500000000e-01 3.792968750000000333e-02
4.209570312500000022e-01 5.668945312500000000e-01 4.792968749999999833e-02
2.309570312500000000e-01 8.168945312500000000e-01 6.792968750000000222e-02
2.784570312499999867e-01 5.043945312500000000e-01 3.292968749999999889e-02
4.684570312499999889e-01 7.543945312500000000e-01 5.292968750000000278e-02
3.734570312500000155e-01 6.293945312500000000e-01 6.292968749999999778e-02
1.834570312500000133e-01 8.793945312500000000e-01 4.292968750000000083e-02
2.072070312500000067e-01 5.981445312500000000e-01 6.542968750000000000e-02
3.972070312500000089e-01 8.481445312500000000e-01 4.542968750000000305e-02
4.922070312499999822e-01 7.231445312500000000e-01 3.542968750000000111e-02
3.022070312500000355e-01 9.731445312500000000e-01 5.542968750000000500e-02
2.547070312499999933e-01 6.606445312500000000e-01 4.042968749999999861e-02
4.447070312499999956e-01 9.106445312500000000e-01 6.042968750000000944e-02
3.497070312500000222e-01 5.356445312500000000e-01 5.042968750000000056e-02
1.597070312499999922e-01 7.856445312500000000e-01 3.042968750000000014e-02
1.478320312499999956e-01 5.512695312500000000e-01 4.667968749999999722e-02
3.378320312499999978e-01 8.012695312500000000e-01 6.667968750000000111e-02
4.328320312500000266e-01 6.762695312500000000e-01 5.667968750000000611e-02
2.428320312499999967e-01 9.262695312500000000e-01 3.667968750000000222e-02
2.903320312500000111e-01 7.387695312500000000e-01 6.167968750000000361e-02
4.803320312500000133e-01 9.887695312500000000e-01 4.167968749999999972e-02
3.853320312499999845e-01 6.137695312500000000e-01 3.167968749999999778e-02
1.953320312499999822e-01 8.637695312500000000e-01 5.167968750000000167e-02
1.715820312499999889e-01 6.450195312500000000e-01 3.917968750000000444e-02
3.615820312499999911e-01 8.950195312500000000e-01 5.917968750000000833e-02
4.565820312500000200e-01 5.200195312500000000e-01 6.917968750000000333e-02
2.665820312500000178e-01 7.700195312500000000e-01 4.917968749999999944e-02
2.190820312500000033e-01 5.825195312500000000e-01 5.417968750000000389e-02
4.090820312499999778e-01 8.325195312500000000e-01 3.417968750000000000e-02
3.140820312500000044e-01 7.075195312500000000e-01 4.417968750000000194e-02
1.240820312500000022e-01 9.575195312500000000e-01 6.417968749999999889e-02
1.255664062499999845e-01 5.415039062500000000e-01 5.339843750000000666e-02
3.155664062499999867e-01 7.915039062500000000e-01 3.339843750000000278e-02
4.105664062500000155e-01 6.665039062500000000e-01 4.339843749999999778e-02
2.205664062500000133e-01 9.165039062500000000e-01 6.339843750000001554e-02
2.680664062500000000e-01 7.290039062500000000e-01 3.839843750000000028e-02
4.580664062500000022e-01 9.790039062500000000e-01 5.839843750000000416e-02
3.630664062499999734e-01 6.040039062500000000e-01 6.839843750000000611e-02
1.730664062499999989e-01 8.540039062500000000e-01 4.839843750000000222e-02
1.968164062499999922e-01 6.352539062500000000e-01 6.089843750000000638e-02
3.868164062500000222e-01 8.852539062500000000e-01 4.089843750000000250e-02
4.818164062499999956e-01 5.102539062500000000e-01 3.089843750000000056e-02
2.918164062499999933e-01 7.602539062500000000e-01 5.089843750000000444e-02
2.443164062500000067e-01 5.727539062500000000e-01 4.589843750000000000e-02
4.343164062500000089e-01 8.227539062500000000e-01 6.589843750000000389e-02
3.393164062500000355e-01 6.977539062500000000e-01 5.589843750000000888e-02
1.493164062500000056e-01 9.477539062500000000e-01 3.589843749999999806e-02
1.611914062500000022e-01 7.133789062500000000e-01 4.214843750000000361e-02
3.511914062500000044e-01 9.633789062500000000e-01 6.214843750000000749e-02
4.461914062499999778e-01 5.883789062500000000e-01 5.214843750000000555e-02
2.561914062500000311e-01 8.383789062500000000e-01 3.214843750000000167e-02
3.036914062500000178e-01 5.258789062500000000e-01 6.714843750000000500e-02
4.936914062500000200e-01 7.758789062500000000e-01 4.714843750000000111e-02
3.986914062499999911e-01 6.508789062500000000e-01 3.714843749999999917e-02
2.086914062499999889e-01 9.008789062500000000e-01 5.714843750000000305e-02
1.849414062499999956e-01 6.196289062500000000e-01 3.464843749999999695e-02
3.749414062499999978e-01 8.696289062500000000e-01 5.464843750000000777e-02
4.699414062500000266e-01 7.446289062500000000e-01 6.464843750000000278e-02
2.799414062499999689e-01 9.946289062500000000e-01 4.464843749999999889e-02
2.324414062499999822e-01 6.821289062500000000e-01 5.964843750000000527e-02
4.224414062499999845e-01 9.321289062500000000e-01 3.964843750000000139e-02
3.274414062500000111e-01 5.571289062500000000e-01 4.964843750000000333e-02
1.374414062500000089e-01 8.071289062500000000e-01 6.964843750000000722e-02
1.433789062499999933e-01 6.586914062500000000e-01 3.152343750000000111e-02
3.333789062499999956e-01 9.086914062500000000e-01 5.152343750000000500e-02
4.283789062500000244e-01 5.336914062500000000e-01 6.152343750000000694e-02
2.383789062499999944e-01 7.836914062500000000e-01 4.152343750000000305e-02
2.858789062500000089e-01 5.961914062500000000e-01 5.652343750000000250e-02
4.758789062500000111e-01 8.461914062500000000e-01 3.652343749999999861e-02
3.808789062499999822e-01 7.211914062500000000e-01 4.652343750000000056e-02
1.908789062499999800e-01 9.711914062500000000e-01 6.652343750000000444e-02
2.146289062500000011e-01 5.024414062500000000e-01 4.402343749999999833e-02
4.046289062499999756e-01 7.524414062500000000e-01 6.402343750000000222e-02
4.996289062500000044e-01 6.274414062500000000e-01 5.402343750000000722e-02
3.096289062500000022e-01 8.774414062500000000e-01 3.402343750000000333e-02
2.621289062499999600e-01 6.899414062500000000e-01 6.902343750000000666e-02
4.521289062500000178e-01 9.399414062500000000e-01 4.902343750000000278e-02
3.571289062499999889e-01 5.649414062500000000e-01 3.902343750000000083e-02
1.671289062499999867e-01 8.149414062500000000e-01 5.902343750000000472e-02
1.552539062499999900e-01 5.805664062500000000e-01 6.277343750000000111e-02
3.452539062499999645e-01 8.305664062500000000e-01 4.277343749999999722e-02
4.402539062499999933e-01 7.055664062500000000e-01 3.277343750000000222e-02
2.502539062499999911e-01 9.555664062500000000e-01 5.277343750000000611e-02
2.977539062499999778e-01 6.430664062500000000e-01 4.777343750000000167e-02
4.877539062499999800e-01 8.930664062500000000e-01 6.777343750000000555e-02
3.927539062500000067e-01 5.180664062500000000e-01 5.777343750000000361e-02
2.027539062500000044e-01 7.680664062500000000e-01 3.777343749999999972e-02
1.790039062500000111e-01 7.368164062500000000e-01 5.027343750000000389e-02
3.690039062500000133e-01 9.868164062500000000e-01 3.027343750000000000e-02
4.640039062499999867e-01 6.118164062500000000e-01 4.027343750000000194e-02
2.740039062499999845e-01 8.618164062500000000e-01 6.027343750000000583e-02
2.265039062499999978e-01 5.493164062500000000e-01 3.527343749999999750e-02
4.165039062500000000e-01 7.993164062500000000e-01 5.527343750000000833e-02
3.215039062500000266e-01 6.743164062500000000e-01 6.527343750000000333e-02
1.315039062499999967e-01 9.243164062500000000e-01 4.527343749999999944e-02
1.285351562500000044e-01 7.250976562500000000e-01 6.621093750000001110e-02
3.185351562500000067e-01 9.750976562500000000e-01 4.621093750000000722e-02
4.135351562499999800e-01 6.000976562500000000e-01 3.621093749999999833e-02
2.235351562499999778e-01 8.500976562500000000e-01 5.621093750000000222e-02
2.710351562499999645e-01 5.375976562500000000e-01 4.121093750000000278e-02
4.610351562500000222e-01 7.875976562500000000e-01 6.121093750000000666e-02
3.660351562499999933e-01 6.625976562500000000e-01 5.121093750000000472e-02
1.760351562499999911e-01 9.125976562500000000e-01 3.121093750000000083e-02
1.997851562499999845e-01 5.688476562500000000e-01 5.871093750000000444e-02
3.897851562499999867e-01 8.188476562500000000e-01 3.871093750000000056e-02
4.847851562500000155e-01 6.938476562500000000e-01 4.871093750000000250e-02
2.947851562500000133e-01 9.438476562500000000e-01 6.871093750000001332e-02
2.472851562499999989e-01 6.313476562500000000e-01 3.371093749999999611e-02
4.372851562499999734e-01 8.813476562500000000e-01 5.371093750000000000e-02
3.422851562500000000e-01 5.063476562500000000e-01 6.371093750000000888e-02
1.522851562499999978e-01 7.563476562500000000e-01 4.371093750000000500e-02
1.641601562499999944e-01 5.219726562500000000e-01 3.996093750000000167e-02
3.541601562499999689e-01 7.719726562500000000e-01 5.996093750000000555e-02
4.491601562499999978e-01 6.469726562500000000e-01 6.996093750000001443e-02
2.591601562499999956e-01 8.969726562500000000e-01 4.996093750000000361e-02
3.066601562499999822e-01 7.094726562500000000e-01 5.496093750000000111e-02
4.966601562499999845e-01 9.594726562500000000e-01 3.496093749999999722e-02
4.016601562500000111e-01 5.844726562500000000e-01 4.496093750000000611e-02
2.116601562500000089e-01 8.344726562500000000e-01 6.496093750000000999e-02
1.879101562500000155e-01 6.782226562500000000e-01 4.746093750000000139e-02
3.779101562500000178e-01 9.282226562500000000e-01 6.746093750000001221e-02
4.729101562499999911e-01 5.532226562500000000e-01 5.746093750000000333e-02
2.829101562499999889e-01 8.032226562500000000e-01 3.746093749999999944e-02
2.354101562500000022e-01 6.157226562500000000e-01 6.246093750000000777e-02
4.254101562500000044e-01 8.657226562500000000e-01 4.246093750000000389e-02
3.304101562500000311e-01 7.407226562500000000e-01 3.246093750000000194e-02
1.404101562500000011e-01 9.907226562500000000e-01 5.246093749999999889e-02
1.344726562499999889e-01 6.079101562500000000e-01 4.933593750000000305e-02
3.244726562499999911e-01 8.579101562500000000e-01 6.933593750000000000e-02
4.194726562500000200e-01 7.329101562500000000e-01 5.933593750000000500e-02
2.294726562499999900e-01 9.829101562500000000e-01 3.933593750000000111e-02
2.769726562500000044e-01 6.704101562500000000e-01 6.433593749999999556e-02
4.669726562500000067e-01 9.204101562500000000e-01 4.433593750000000555e-02
3.719726562499999778e-01 5.454101562500000000e-01 3.433593749999999667e-02
1.819726562500000033e-01 7.954101562500000000e-01 5.433593750000000056e-02
2.057226562499999967e-01 7.016601562500000000e-01 3.683593749999999889e-02
3.957226562499999711e-01 9.516601562500000000e-01 5.683593750000000278e-02
4.907226562500000000e-01 5.766601562500000000e-01 6.683593749999999778e-02
3.007226562499999978e-01 8.266601562500000000e-01 4.683593750000000083e-02
2.532226562499999556e-01 5.141601562500000000e-01 5.183593749999999833e-02
4.432226562500000133e-01 7.641601562500000000e-01 3.183593750000000139e-02
3.482226562499999845e-01 6.391601562500000000e-01 4.183593750000000333e-02
1.582226562499999822e-01 8.891601562500000000e-01 6.183593750000000722e-02
1.463476562499999856e-01 6.547851562500000000e-01 5.558593750000000167e-02
3.363476562499999600e-01 9.047851562500000000e-01 3.558593749999999778e-02
4.313476562499999889e-01 5.297851562500000000e-01 4.558593749999999972e-02
2.413476562499999867e-01 7.797851562500000000e-01 6.558593749999999667e-02
2.888476562499999734e-01 5.922851562500000000e-01 3.058593750000000028e-02
4.788476562499999756e-01 8.422851562500000000e-01 5.058593750000000416e-02
3.838476562500000022e-01 7.172851562500000000e-01 6.058593750000000611e-02
1.938476562500000000e-01 9.672851562500000000e-01 4.058593750000000222e-02
1.700976562500000067e-01 5.610351562500000000e-01 6.808593749999999889e-02
3.600976562500000089e-01 8.110351562500000000e-01 4.808593750000000194e-02
4.550976562499999822e-01 6.860351562500000000e-01 3.808593750000000000e-02
2.650976562500000355e-01 9.360351562500000000e-01 5.808593750000000389e-02
2.175976562499999933e-01 7.485351562500000000e-01 4.308593750000000444e-02
4.075976562499999956e-01 9.985351562500000000e-01 6.308593750000000833e-02
3.125976562500000222e-01 6.235351562500000000e-01 5.308593749999999944e-02
1.225976562499999922e-01 8.735351562500000000e-01 3.308593750000000250e-02
1.218554687500000011e-01 6.245117187500000000e-01 6.925781250000001554e-02
3.118554687500000311e-01 8.745117187500000000e-01 4.925781249999999778e-02
4.068554687500000044e-01 7.495117187500000000e-01 3.925781250000000278e-02
2.168554687500000022e-01 9.995117187500000000e-01 5.925781250000000666e-02
2.643554687499999889e-01 6.870117187500000000e-01 4.425781250000000028e-02
4.543554687499999911e-01 9.370117187500000000e-01 6.425781250000001110e-02
3.593554687500000178e-01 5.620117187500000000e-01 5.425781250000000222e-02
1.693554687499999878e-01 8.120117187500000000e-01 3.425781249999999833e-02
1.931054687500000089e-01 7.182617187500000000e-01 5.675781250000000444e-02
3.831054687500000111e-01 9.682617187500000000e-01 3.675781250000000056e-02
4.781054687499999845e-01 5.932617187500000000e-01 4.675781250000000250e-02
2.881054687499999822e-01 8.432617187500000000e-01 6.675781250000001332e-02
2.406054687499999956e-01 5.307617187500000000e-01 3.175781249999999611e-02
4.306054687499999978e-01 7.807617187500000000e-01 5.175781250000000000e-02
3.356054687499999689e-01 6.557617187500000000e-01 6.175781250000000194e-02
1.456054687499999944e-01 9.057617187500000000e-01 4.175781250000000500e-02
1.574804687499999911e-01 6.401367187500000000e-01 3.550781249999999944e-02
3.474804687499999933e-01 8.901367187500000000e-01 5.550781250000000333e-02
4.424804687500000222e-01 5.151367187500000000e-01 6.550781250000001221e-02
2.524804687499999645e-01 7.651367187500000000e-01 4.550781250000000139e-02
2.999804687500000067e-01 5.776367187500000000e-01 5.050781249999999889e-02
4.899804687500000089e-01 8.276367187500000000e-01 3.050781249999999847e-02
3.949804687499999800e-01 7.026367187500000000e-01 4.050781250000000389e-02
2.049804687499999778e-01 9.526367187500000000e-01 6.050781250000000777e-02
1.812304687499999845e-01 5.463867187500000000e-01 4.800781250000000361e-02
3.712304687499999867e-01 7.963867187500000000e-01 6.800781250000001443e-02
4.662304687500000155e-01 6.713867187500000000e-01 5.800781250000000555e-02
2.762304687500000133e-01 9.213867187500000000e-01 3.800781250000000167e-02
2.287304687499999989e-01 7.338867187500000000e-01 6.300781250000000999e-02
4.187304687499999734e-01 9.838867187500000000e-01 4.300781249999999917e-02
3.237304687500000000e-01 6.088867187500000000e-01 3.300781249999999722e-02
1.337304687499999978e-01 8.588867187500000000e-01 5.300781250000000111e-02
1.396679687499999822e-01 7.416992187500000000e-01 4.613281250000000194e-02
3.296679687499999845e-01 9.916992187500000000e-01 6.613281249999999889e-02
4.246679687500000133e-01 6.166992187500000000e-01 5.613281250000000389e-02
2.346679687500000111e-01 8.666992187500000000e-01 3.613281250000000000e-02
2.821679687499999978e-01 5.541992187500000000e-01 6.113281250000000833e-02
4.721679687500000000e-01 8.041992187500000000e-01 4.113281250000000444e-02
3.771679687499999711e-01 6.791992187500000000e-01 3.113281249999999903e-02
1.871679687499999967e-01 9.291992187500000000e-01 5.113281249999999944e-02
2.109179687499999900e-01 5.854492187500000000e-01 3.863281250000000222e-02
4.009179687500000200e-01 8.354492187500000000e-01 5.863281250000000611e-02
4.959179687499999933e-01 7.104492187500000000e-01 6.863281250000000111e-02
3.059179687499999911e-01 9.604492187500000000e-01 4.863281250000000416e-02
2.584179687500000044e-01 6.479492187500000000e-01 5.363281250000000167e-02
4.484179687500000067e-01 8.979492187500000000e-01 3.363281249999999778e-02
3.534179687499999778e-01 5.229492187500000000e-01 4.363281249999999972e-02
1.634179687500000033e-01 7.729492187500000000e-01 6.363281249999999667e-02
1.515429687500000067e-01 5.073242187500000000e-01 5.988281250000000722e-02
3.415429687500000089e-01 7.573242187500000000e-01 3.988281250000000333e-02
4.365429687499999822e-01 6.323242187500000000e-01 4.988281249999999833e-02
2.465429687500000078e-01 8.823242187500000000e-01 6.988281250000000222e-02
2.940429687500000222e-01 6.948242187500000000e-01 3.488281249999999889e-02
4.840429687500000244e-01 9.448242187500000000e-01 5.488281250000000278e-02
3.890429687499999956e-01 5.698242187500000000e-01 6.488281249999999778e-02
1.990429687499999933e-01 8.198242187500000000e-01 4.488281250000000083e-02
1.752929687500000000e-01 6.635742187500000000e-01 6.738281250000000000e-02
3.652929687500000022e-01 9.135742187500000000e-01 4.738281250000000305e-02
4.602929687499999756e-01 5.385742187500000000e-01 3.738281250000000111e-02
2.702929687499999734e-01 7.885742187500000000e-01 5.738281250000000500e-02
2.227929687499999867e-01 6.010742187500000000e-01 4.238281250000000555e-02
4.127929687499999889e-01 8.510742187500000000e-01 6.238281250000000250e-02
3.177929687499999600e-01 7.260742187500000000e-01 5.238281250000000056e-02
1.277929687499999856e-01 9.760742187500000000e-01 3.238281249999999667e-02
1.307617187500000056e-01 6.752929687500000000e-01 5.144531250000000666e-02
3.207617187500000355e-01 9.252929687500000000e-01 3.144531249999999584e-02
4.157617187500000089e-01 5.502929687500000000e-01 4.144531249999999778e-02
2.257617187500000067e-01 8.002929687500000000e-01 6.144531250000000167e-02
2.732617187499999933e-01 6.127929687500000000e-01 3.644531250000000028e-02
4.632617187499999956e-01 8.627929687500000000e-01 5.644531250000000416e-02
3.682617187500000222e-01 7.377929687500000000e-01 6.644531250000000611e-02
1.782617187499999922e-01 9.877929687500000000e-01 4.644531250000000222e-02
2.020117187500000133e-01 5.190429687500000000e-01 6.394531250000000389e-02
3.920117187500000155e-01 7.690429687500000000e-01 4.394531250000000000e-02
4.870117187499999889e-01 6.440429687500000000e-01 3.394531249999999806e-02
2.970117187499999867e-01 8.940429687500000000e-01 5.394531250000000194e-02
2.495117187500000000e-01 7.065429687500000000e-01 4.894531250000000444e-02
4.395117187500000022e-01 9.565429687500000000e-01 6.894531250000000833e-02
3.445117187499999734e-01 5.815429687500000000e-01 5.894531249999999944e-02
1.545117187499999989e-01 8.315429687500000000e-01 3.894531250000000250e-02
1.663867187499999956e-01 5.659179687500000000e-01 4.269531249999999889e-02
3.563867187499999978e-01 8.159179687500000000e-01 6.269531250000000278e-02
4.513867187500000266e-01 6.909179687500000000e-01 5.269531250000000777e-02
2.613867187499999689e-01 9.409179687500000000e-01 3.269531249999999695e-02
3.088867187500000111e-01 6.284179687500000000e-01 6.769531250000000722e-02
4.988867187500000133e-01 8.784179687500000000e-01 4.769531250000000333e-02
4.038867187499999845e-01 5.034179687500000000e-01 3.769531250000000139e-02
2.138867187499999822e-01 7.534179687500000000e-01 5.769531250000000527e-02
1.901367187499999889e-01 7.221679687500000000e-01 3.019531249999999820e-02
3.801367187499999911e-01 9.721679687500000000e-01 5.019531250000000555e-02
4.751367187500000200e-01 5.971679687500000000e-01 6.019531250000000056e-02
2.851367187500000178e-01 8.471679687500000000e-01 4.019531249999999667e-02
2.376367187500000033e-01 5.346679687500000000e-01 5.519531250000000305e-02
4.276367187499999778e-01 7.846679687500000000e-01 3.519531249999999917e-02
3.326367187500000044e-01 6.596679687500000000e-01 4.519531250000000111e-02
1.426367187500000022e-01 9.096679687500000000e-01 6.519531250000000500e-02
1.366992187499999900e-01 5.581054687500000000e-01 3.332031249999999750e-02
3.266992187499999645e-01 8.081054687500000000e-01 5.332031250000000833e-02
4.216992187499999933e-01 6.831054687500000000e-01 6.332031250000000333e-02
2.316992187499999911e-01 9.331054687500000000e-01 4.332031249999999944e-02
2.791992187499999778e-01 7.456054687500000000e-01 5.832031250000000583e-02
4.691992187499999800e-01 9.956054687500000000e-01 3.832031250000000194e-02
3.741992187500000067e-01 6.206054687500000000e-01 4.832031250000000389e-02
1.841992187500000044e-01 8.706054687500000000e-01 6.832031250000000777e-02
2.079492187499999978e-01 6.518554687500000000e-01 4.082031249999999722e-02
3.979492187500000000e-01 9.018554687500000000e-01 6.082031250000000111e-02
4.929492187499999734e-01 5.268554687500000000e-01 5.082031250000000611e-02
3.029492187500000266e-01 7.768554687500000000e-01 3.082031249999999875e-02
2.554492187499999845e-01 5.893554687500000000e-01 6.582031250000000555e-02
4.454492187499999867e-01 8.393554687500000000e-01 4.582031250000000167e-02
3.504492187500000133e-01 7.143554687500000000e-01 3.582031249999999972e-02
1.604492187500000111e-01 9.643554687500000000e-01 5.582031250000000361e-02
1.485742187499999867e-01 6.987304687500000000e-01 6.207031250000000222e-02
3.385742187499999889e-01 9.487304687500000000e-01 4.207031249999999833e-02
4.335742187500000178e-01 5.737304687500000000e-01 3.207031249999999639e-02
2.435742187500000155e-01 8.237304687500000000e-01 5.207031250000000722e-02
2.910742187500000022e-01 5.112304687500000000e-01 4.707031250000000278e-02
4.810742187500000044e-01 7.612304687500000000e-01 6.707031250000000666e-02
3.860742187499999756e-01 6.362304687500000000e-01 5.707031250000000472e-02
1.960742187500000011e-01 8.862304687500000000e-01 3.707031250000000083e-02
1.723242187499999800e-01 6.049804687500000000e-01 5.457031250000000250e-02
3.623242187499999822e-01 8.549804687500000000e-01 3.457031249999999861e-02
4.573242187500000111e-01 7.299804687500000000e-01 4.457031250000000056e-02
2.673242187500000089e-01 9.799804687500000000e-01 6.457031250000000444e-02
2.198242187499999944e-01 6.674804687500000000e-01 3.957031250000000305e-02
4.098242187500000244e-01 9.174804687500000000e-01 5.957031250000000000e-02
3.148242187499999956e-01 5.424804687500000000e-01 6.957031250000000888e-02
1.248242187499999933e-01 7.924804687500000000e-01 4.957031250000000500e-02
1.233398437499999972e-01 7.084960937500000000e-01 3.785156249999999806e-02
3.133398437500000133e-01 9.584960937500000000e-01 5.785156250000000888e-02
4.083398437499999867e-01 5.834960937500000000e-01 6.785156250000000389e-02
2.183398437499999845e-01 8.334960937500000000e-01 4.785156250000000000e-02
2.658398437500000266e-01 5.209960937500000000e-01 5.285156250000000444e-02
4.558398437499999734e-01 7.709960937500000000e-01 3.285156250000000056e-02
3.608398437500000000e-01 6.459960937500000000e-01 4.285156250000000250e-02
1.708398437499999978e-01 8.959960937500000000e-01 6.285156250000001332e-02
1.945898437499999911e-01 6.147460937500000000e-01 4.535156249999999778e-02
3.845898437499999933e-01 8.647460937500000000e-01 6.535156250000001554e-02
4.795898437500000222e-01 7.397460937500000000e-01 5.535156250000000666e-02
2.895898437499999645e-01 9.897460937500000000e-01 3.535156250000000278e-02
2.420898437499999778e-01 6.772460937500000000e-01 6.035156250000000416e-02
4.320898437499999800e-01 9.272460937500000000e-01 4.035156250000000028e-02
3.370898437500000067e-01 5.522460937500000000e-01 3.035156249999999833e-02
1.470898437500000044e-01 8.022460937500000000e-01 5.035156250000000222e-02
1.589648437500000011e-01 5.366210937500000000e-01 6.660156250000000278e-02
3.489648437500000311e-01 7.866210937500000000e-01 4.660156249999999889e-02
4.439648437500000044e-01 6.616210937500000000e-01 3.660156250000000389e-02
2.539648437500000022e-01 9.116210937500000000e-01 5.660156250000000777e-02
3.014648437499999889e-01 7.241210937500000000e-01 4.160156250000000139e-02
4.914648437499999911e-01 9.741210937500000000e-01 6.160156250000000527e-02
3.964648437500000178e-01 5.991210937500000000e-01 5.160156250000000333e-02
2.064648437500000155e-01 8.491210937500000000e-01 3.160156249999999944e-02
1.827148437499999944e-01 6.303710937500000000e-01 5.910156250000000305e-02
3.727148437500000244e-01 8.803710937500000000e-01 3.910156249999999917e-02
4.677148437499999978e-01 5.053710937500000000e-01 4.910156250000000111e-02
2.777148437499999956e-01 7.553710937500000000e-01 6.910156250000000500e-02
2.302148437500000089e-01 5.678710937500000000e-01 3.410156250000000167e-02
4.202148437500000111e-01 8.178710937500000000e-01 5.410156250000000555e-02
3.252148437499999822e-01 6.928710937500000000e-01 6.410156250000001443e-02
1.352148437500000078e-01 9.428710937500000000e-01 4.410156250000000361e-02
1.411523437499999922e-01 5.913085937500000000e-01 5.722656250000000833e-02
3.311523437500000222e-01 8.413085937500000000e-01 3.722656249999999750e-02
4.261523437499999956e-01 7.163085937500000000e-01 4.722656249999999944e-02
2.361523437499999933e-01 9.663085937500000000e-01 6.722656250000000333e-02
2.836523437500000355e-01 6.538085937500000000e-01 3.222656250000000000e-02
4.736523437499999822e-01 9.038085937500000000e-01 5.222656250000000389e-02
3.786523437500000089e-01 5.288085937500000000e-01 6.222656250000000583e-02
1.886523437500000067e-01 7.788085937500000000e-01 4.222656250000000194e-02
2.124023437500000000e-01 7.475585937500000000e-01 6.972656250000000555e-02
4.024023437500000022e-01 9.975585937500000000e-01 4.972656250000000167e-02
4.974023437499999756e-01 6.225585937500000000e-01 3.972656249999999972e-02
3.074023437499999734e-01 8.725585937500000000e-01 5.972656250000000361e-02
2.599023437499999867e-01 5.600585937500000000e-01 4.472656250000000416e-02
4.499023437499999889e-01 8.100585937500000000e-01 6.472656250000000111e-02
3.549023437499999600e-01 6.850585937500000000e-01 5.472656250000000611e-02
1.649023437500000133e-01 9.350585937500000000e-01 3.472656250000000222e-02
1.530273437499999889e-01 6.694335937500000000e-01 4.847656250000000056e-02
3.430273437499999911e-01 9.194335937500000000e-01 6.847656250000000444e-02
4.380273437500000200e-01 5.444335937500000000e-01 5.847656250000000944e-02
2.480273437499999900e-01 7.944335937500000000e-01 3.847656249999999861e-02
2.955273437500000044e-01 6.069335937500000000e-01 6.347656250000000000e-02
4.855273437500000067e-01 8.569335937500000000e-01 4.347656250000000305e-02
3.905273437499999778e-01 7.319335937500000000e-01 3.347656250000000111e-02
2.005273437500000033e-01 9.819335937500000000e-01 5.347656250000000500e-02
1.767773437499999822e-01 5.131835937500000000e-01 3.597656250000000333e-02
3.667773437500000400e-01 7.631835937500000000e-01 5.597656250000000722e-02
4.617773437500000133e-01 6.381835937500000000e-01 6.597656250000000222e-02
2.717773437500000111e-01 8.881835937500000000e-01 4.597656249999999833e-02
2.242773437499999967e-01 7.006835937500000000e-01 5.097656250000000278e-02
4.142773437500000266e-01 9.506835937500000000e-01 3.097656249999999889e-02
3.192773437499999978e-01 5.756835937500000000e-01 4.097656250000000083e-02
1.292773437499999956e-01 8.256835937500000000e-01 6.097656250000000472e-02
1.263085937500000033e-01 5.249023437500000000e-01 4.003906250000000000e-02
3.163085937499999778e-01 7.749023437500000000e-01 6.003906250000000389e-02
4.113085937500000067e-01 6.499023437500000000e-01 5.003906250000000194e-02
2.213085937500000044e-01 8.999023437500000000e-01 3.003906249999999806e-02
2.688085937499999911e-01 7.124023437500000000e-01 6.503906250000000833e-02
4.588085937499999933e-01 9.624023437500000000e-01 4.503906250000000444e-02
3.638085937499999645e-01 5.874023437500000000e-01 3.503906250000000250e-02
1.738085937499999900e-01 8.374023437500000000e-01 5.503906249999999944e-02
1.975585937500000111e-01 6.811523437500000000e-01 3.253906250000000028e-02
3.875585937500000133e-01 9.311523437500000000e-01 5.253906250000000416e-02
4.825585937499999867e-01 5.561523437500000000e-01 6.253906250000000611e-02
2.925585937499999845e-01 8.061523437500000000e-01 4.253906250000000222e-02
2.450585937499999978e-01 6.186523437500000000e-01 5.753906250000000167e-02
4.350585937500000000e-01 8.686523437500000000e-01 3.753906249999999778e-02
3.400585937500000266e-01 7.436523437500000000e-01 4.753906250000000666e-02
1.500585937499999967e-01 9.936523437500000000e-01 6.753906249999999667e-02
1.619335937499999933e-01 7.280273437500000000e-01 5.378906249999999833e-02
3.519335937499999956e-01 9.780273437500000000e-01 3.378906250000000139e-02
4.469335937500000244e-01 6.030273437500000000e-01 4.378906250000000333e-02
2.569335937500000222e-01 8.530273437500000000e-01 6.378906250000000722e-02
3.044335937500000089e-01 5.405273437500000000e-01 3.878906249999999889e-02
4.944335937500000111e-01 7.905273437500000000e-01 5.878906250000000278e-02
3.994335937499999822e-01 6.655273437500000000e-01 6.878906249999999778e-02
2.094335937499999800e-01 9.155273437500000000e-01 4.878906250000000083e-02
1.856835937499999867e-01 5.717773437500000000e-01 6.128906250000000500e-02
3.756835937499999889e-01 8.217773437500000000e-01 4.128906250000000111e-02
4.706835937500000178e-01 6.967773437500000000e-01 3.128906249999999917e-02
2.806835937499999600e-01 9.467773437500000000e-01 5.128906250000000305e-02
2.331835937500000011e-01 6.342773437500000000e-01 4.628906250000000555e-02
4.231835937499999756e-01 8.842773437500000000e-01 6.628906249999999556e-02
3.281835937500000022e-01 5.092773437500000000e-01 5.628906250000000056e-02
1.381835937500000000e-01 7.592773437500000000e-01 3.628906249999999667e-02
1.322460937499999878e-01 6.420898437500000000e-01 6.441406250000000777e-02
3.222460937500000178e-01 8.920898437500000000e-01 4.441406250000000389e-02
4.172460937499999911e-01 5.170898437500000000e-01 3.441406250000000194e-02
2.272460937499999889e-01 7.670898437500000000e-01 5.441406249999999889e-02
2.747460937500000311e-01 5.795898437500000000e-01 4.941406250000000139e-02
4.647460937499999778e-01 8.295898437500000000e-01 6.941406250000001221e-02
3.697460937500000044e-01 7.045898437500000000e-01 5.941406250000000333e-02
1.797460937500000022e-01 9.545898437500000000e-01 3.941406249999999944e-02
2.034960937499999956e-01 5.483398437500000000e-01 5.191406250000000361e-02
