# cosmological_parameters--omega_m cosmological_parameters--s_8 cosmological_parameters--h0 cosmological_parameters--omega_b cosmological_parameters--n_s
3.099999999999999978e-01 7.750000000000000222e-01 7.299999999999999822e-01 5.000000000000000278e-02 9.699999999999999734e-01
4.050000000000000266e-01 7.125000000000000222e-01 8.200000000000000622e-01 4.000000000000000083e-02 1.020000000000000018e+00
2.149999999999999967e-01 8.375000000000000222e-01 6.400000000000000133e-01 6.000000000000000472e-02 9.200000000000000400e-01
2.625000000000000111e-01 7.437500000000000222e-01 7.750000000000000222e-01 3.500000000000000333e-02 1.044999999999999929e+00
4.525000000000000133e-01 8.687500000000000222e-01 5.950000000000000844e-01 5.500000000000000722e-02 9.450000000000000622e-01
3.574999999999999845e-01 6.812500000000000222e-01 6.850000000000000533e-01 4.499999999999999833e-02 8.950000000000000178e-01
1.674999999999999822e-01 8.062500000000000222e-01 8.649999999999999911e-01 6.500000000000000222e-02 9.950000000000001066e-01
1.912500000000000033e-01 7.281250000000000222e-01 6.625000000000000888e-01 5.750000000000000250e-02 9.825000000000000400e-01
3.812499999999999778e-01 8.531250000000000222e-01 8.425000000000000266e-01 3.749999999999999861e-02 8.824999999999999512e-01
4.762500000000000067e-01 6.656250000000000222e-01 7.525000000000000577e-01 6.750000000000000444e-02 9.324999999999999956e-01
2.862500000000000044e-01 7.906250000000000222e-01 5.725000000000000089e-01 4.750000000000000056e-02 1.032499999999999973e+00
2.387499999999999900e-01 6.968750000000000222e-01 8.874999999999999556e-01 5.250000000000000500e-02 9.575000000000000178e-01
4.287500000000000200e-01 8.218750000000000222e-01 7.075000000000000178e-01 3.250000000000000111e-02 1.057500000000000107e+00
3.337499999999999911e-01 7.593750000000000222e-01 6.175000000000000488e-01 6.250000000000000000e-02 1.007500000000000062e+00
1.437499999999999889e-01 8.843750000000000222e-01 7.975000000000000977e-01 4.250000000000000305e-02 9.074999999999999734e-01
1.556250000000000133e-01 7.671875000000000222e-01 8.537500000000000089e-01 4.624999999999999944e-02 9.262500000000000178e-01
3.456249999999999600e-01 8.921875000000000222e-01 6.737500000000000711e-01 6.625000000000000333e-02 1.026250000000000107e+00
4.406249999999999889e-01 7.046875000000000222e-01 5.837499999999999911e-01 3.624999999999999750e-02 9.762500000000000622e-01
2.506249999999999867e-01 8.296875000000000222e-01 7.637500000000000400e-01 5.625000000000000833e-02 8.762499999999999734e-01
2.981249999999999734e-01 6.734375000000000222e-01 7.187500000000000000e-01 4.125000000000000194e-02 1.001249999999999973e+00
4.881249999999999756e-01 7.984375000000000222e-01 8.987500000000000488e-01 6.125000000000000583e-02 9.012499999999999956e-01
3.931250000000000022e-01 7.359375000000000222e-01 8.087500000000000799e-01 3.125000000000000000e-02 9.512500000000000400e-01
2.031250000000000000e-01 8.609375000000000222e-01 6.287500000000000311e-01 5.125000000000000389e-02 1.051250000000000018e+00
1.793750000000000067e-01 6.890625000000000222e-01 7.412500000000000755e-01 6.375000000000000111e-02 1.038750000000000062e+00
3.693750000000000089e-01 8.140625000000000222e-01 5.612500000000000266e-01 4.374999999999999722e-02 9.387499999999999734e-01
4.643749999999999822e-01 7.515625000000000222e-01 6.512499999999999956e-01 5.375000000000000611e-02 8.887500000000000400e-01
2.743750000000000355e-01 8.765625000000000222e-01 8.312500000000000444e-01 3.375000000000000222e-02 9.887500000000000178e-01
2.268749999999999933e-01 7.203125000000000222e-01 6.062500000000000666e-01 6.875000000000000555e-02 9.137500000000000622e-01
4.168749999999999956e-01 8.453125000000000222e-01 7.862500000000000044e-01 4.875000000000000167e-02 1.013749999999999929e+00
3.218750000000000222e-01 6.578125000000000222e-01 8.762499999999999734e-01 5.875000000000000361e-02 1.063749999999999973e+00
1.318749999999999922e-01 7.828125000000000222e-01 6.962500000000000355e-01 3.874999999999999972e-02 9.637499999999999956e-01
1.378125000000000044e-01 7.164062500000000222e-01 7.693750000000000311e-01 5.312500000000000555e-02 1.010625000000000107e+00
3.278125000000000067e-01 8.414062500000000222e-01 5.893750000000000933e-01 3.312500000000000167e-02 9.106250000000000178e-01
4.228124999999999800e-01 6.539062500000000222e-01 6.793750000000000622e-01 6.312500000000001443e-02 9.606250000000000622e-01
2.328124999999999778e-01 7.789062500000000222e-01 8.593750000000000000e-01 4.312500000000000361e-02 1.060625000000000151e+00
2.803124999999999645e-01 6.851562500000000222e-01 6.343750000000000222e-01 5.812500000000000305e-02 9.356250000000000400e-01
4.703125000000000222e-01 8.101562500000000222e-01 8.143750000000000711e-01 3.812499999999999917e-02 1.035625000000000018e+00
3.753124999999999933e-01 7.476562500000000222e-01 9.043750000000000400e-01 6.812500000000000500e-02 9.856249999999999734e-01
1.853124999999999911e-01 8.726562500000000222e-01 7.243749999999999911e-01 4.812500000000000111e-02 8.856249999999999956e-01
2.090624999999999845e-01 6.695312500000000222e-01 8.368750000000000355e-01 3.562500000000000389e-02 8.981250000000000622e-01
3.990624999999999867e-01 7.945312500000000222e-01 6.568750000000000977e-01 5.562500000000000777e-02 9.981250000000000400e-01
4.940625000000000155e-01 7.320312500000000222e-01 5.668750000000000178e-01 4.562499999999999889e-02 1.048124999999999973e+00
3.040625000000000133e-01 8.570312500000000222e-01 7.468750000000000666e-01 6.562500000000000278e-02 9.481249999999999956e-01
2.565625000000000266e-01 7.632812500000000222e-01 7.018750000000000266e-01 3.062499999999999944e-02 1.023125000000000062e+00
4.465624999999999734e-01 8.882812500000000222e-01 8.818749999999999645e-01 5.062500000000000333e-02 9.231249999999999734e-01
3.515625000000000000e-01 7.007812500000000222e-01 7.918749999999999956e-01 4.062500000000000139e-02 8.731250000000000400e-01
1.615624999999999978e-01 8.257812500000000222e-01 6.118750000000000577e-01 6.062500000000000527e-02 9.731250000000000178e-01
1.496875000000000011e-01 7.085937500000000222e-01 6.456250000000000044e-01 6.937500000000000611e-02 1.066875000000000018e+00
3.396875000000000311e-01 8.335937500000000222e-01 8.256250000000000533e-01 4.937500000000000222e-02 9.668750000000000400e-01
4.346875000000000044e-01 7.710937500000000222e-01 7.356249999999999734e-01 5.937500000000000416e-02 9.168749999999999956e-01
2.446875000000000022e-01 8.960937500000000222e-01 5.556250000000000355e-01 3.937500000000000028e-02 1.016874999999999973e+00
2.921874999999999889e-01 7.398437500000000222e-01 8.706249999999999822e-01 6.437500000000001554e-02 8.918749999999999734e-01
4.821874999999999911e-01 8.648437500000000222e-01 6.906250000000000444e-01 4.437499999999999778e-02 9.918750000000000622e-01
3.871875000000000178e-01 6.773437500000000222e-01 6.006250000000000755e-01 5.437500000000000666e-02 1.041875000000000107e+00
1.971875000000000155e-01 8.023437500000000222e-01 7.806250000000000133e-01 3.437500000000000278e-02 9.418750000000000178e-01
1.734374999999999944e-01 7.554687500000000222e-01 5.781250000000000000e-01 4.187500000000000250e-02 9.543749999999999734e-01
3.634374999999999689e-01 8.804687500000000222e-01 7.581250000000000488e-01 6.187500000000000638e-02 1.054375000000000062e+00
4.584374999999999978e-01 6.929687500000000222e-01 8.481250000000000178e-01 3.187500000000000056e-02 1.004375000000000018e+00
2.684374999999999956e-01 8.179687500000000222e-01 6.681250000000000799e-01 5.187500000000000444e-02 9.043750000000000400e-01
2.209375000000000089e-01 6.617187500000000222e-01 8.031250000000000888e-01 4.687500000000000000e-02 9.793749999999999956e-01
4.109375000000000111e-01 7.867187500000000222e-01 6.231250000000000400e-01 6.687500000000000389e-02 8.793750000000000178e-01
3.159374999999999822e-01 7.242187500000000222e-01 7.131250000000000089e-01 3.687499999999999806e-02 9.293750000000000622e-01
1.259375000000000078e-01 8.492187500000000222e-01 8.931250000000000577e-01 5.687500000000000888e-02 1.029374999999999929e+00
1.289062500000000000e-01 7.496093750000000222e-01 7.103125000000000133e-01 6.218750000000000666e-02 9.121875000000000400e-01
3.189062500000000022e-01 8.746093750000000222e-01 8.903125000000000622e-01 4.218750000000000278e-02 1.012187500000000018e+00
4.139062499999999756e-01 6.871093750000000222e-01 8.003124999999999822e-01 5.218750000000000472e-02 1.062187500000000062e+00
2.239062500000000011e-01 8.121093750000000222e-01 6.203125000000000444e-01 3.218750000000000083e-02 9.621874999999999734e-01
2.714062499999999600e-01 6.558593750000000222e-01 8.453125000000000222e-01 6.718750000000001110e-02 1.037187499999999929e+00
4.614062500000000178e-01 7.808593750000000222e-01 6.653125000000000844e-01 4.718750000000000722e-02 9.371875000000000622e-01
3.664062499999999889e-01 7.183593750000000222e-01 5.753125000000000044e-01 5.718750000000000222e-02 8.871875000000000178e-01
1.764062499999999867e-01 8.433593750000000222e-01 7.553125000000000533e-01 3.718749999999999833e-02 9.871874999999999956e-01
2.001562499999999800e-01 7.027343750000000222e-01 5.978125000000000799e-01 4.968750000000000250e-02 9.996875000000000622e-01
3.901562499999999822e-01 8.277343750000000222e-01 7.778125000000000178e-01 6.968750000000001332e-02 8.996874999999999734e-01
4.851562500000000111e-01 7.652343750000000222e-01 8.678125000000000977e-01 3.968750000000000056e-02 9.496875000000000178e-01
2.951562500000000089e-01 8.902343750000000222e-01 6.878125000000000488e-01 5.968750000000000444e-02 1.049687500000000107e+00
2.476562499999999944e-01 7.339843750000000222e-01 7.328125000000000888e-01 4.468750000000000500e-02 9.246874999999999956e-01
4.376562500000000244e-01 8.589843750000000222e-01 5.528125000000000400e-01 6.468750000000000888e-02 1.024687499999999973e+00
3.426562499999999956e-01 6.714843750000000222e-01 6.428125000000000089e-01 3.468749999999999611e-02 9.746875000000000400e-01
1.526562499999999933e-01 7.964843750000000222e-01 8.228125000000000577e-01 5.468750000000000000e-02 8.746874999999999512e-01
1.645312499999999900e-01 6.792968750000000222e-01 7.890625000000000000e-01 5.593750000000000111e-02 9.684375000000000622e-01
3.545312499999999645e-01 8.042968750000000222e-01 6.090625000000000622e-01 3.593749999999999722e-02 1.068437500000000151e+00
4.495312499999999933e-01 7.417968750000000222e-01 6.990625000000000311e-01 6.593750000000000999e-02 1.018437500000000107e+00
2.595312499999999911e-01 8.667968750000000222e-01 8.790625000000000799e-01 4.593750000000000611e-02 9.184375000000000178e-01
3.070312499999999778e-01 7.730468750000000222e-01 5.640625000000000222e-01 5.093750000000000361e-02 9.934375000000000844e-01
4.970312499999999800e-01 8.980468750000000222e-01 7.440625000000000711e-01 3.093749999999999972e-02 8.934374999999999956e-01
4.020312500000000067e-01 7.105468750000000222e-01 8.340625000000000400e-01 6.093750000000000555e-02 9.434375000000000400e-01
2.120312500000000044e-01 8.355468750000000222e-01 6.540624999999999911e-01 4.093750000000000167e-02 1.043437500000000018e+00
1.882812500000000111e-01 7.261718750000000222e-01 9.015625000000000444e-01 3.343750000000000194e-02 1.055937499999999973e+00
3.782812500000000133e-01 8.511718750000000222e-01 7.215625000000001066e-01 5.343749999999999889e-02 9.559374999999999956e-01
4.732812499999999867e-01 6.636718750000000222e-01 6.315625000000000266e-01 4.343750000000000389e-02 9.059375000000000622e-01
2.832812499999999845e-01 7.886718750000000222e-01 8.115624999999999645e-01 6.343750000000000777e-02 1.005937499999999929e+00
2.357812499999999978e-01 6.949218750000000222e-01 6.765625000000000666e-01 3.843749999999999944e-02 8.809375000000000400e-01
4.257812500000000000e-01 8.199218750000000222e-01 8.565625000000001155e-01 5.843750000000000333e-02 9.809375000000000178e-01
3.307812500000000266e-01 7.574218750000000222e-01 7.665625000000000355e-01 4.843750000000000139e-02 1.030937500000000062e+00
1.407812499999999967e-01 8.824218750000000222e-01 5.865625000000000977e-01 6.843750000000001221e-02 9.309374999999999734e-01
1.348437499999999845e-01 6.832031250000000222e-01 8.846875000000000711e-01 4.406250000000000444e-02 9.715624999999999956e-01
3.248437499999999867e-01 8.082031250000000222e-01 7.046875000000000222e-01 6.406250000000000833e-02 8.715625000000000178e-01
4.198437500000000155e-01 7.457031250000000222e-01 6.146875000000000533e-01 3.406250000000000250e-02 9.215625000000000622e-01
2.298437500000000133e-01 8.707031250000000222e-01 7.946874999999999911e-01 5.406249999999999944e-02 1.021562499999999929e+00
2.773437500000000000e-01 7.144531250000000222e-01 6.596874999999999822e-01 4.906250000000000194e-02 9.465624999999999734e-01
4.673437500000000022e-01 8.394531250000000222e-01 8.396875000000000311e-01 6.906249999999999889e-02 1.046562500000000062e+00
3.723437499999999734e-01 6.519531250000000222e-01 7.496875000000000622e-01 3.906250000000000000e-02 9.965625000000000178e-01
1.823437499999999989e-01 7.769531250000000222e-01 5.696875000000000133e-01 5.906250000000000389e-02 8.965625000000000400e-01
2.060937499999999922e-01 7.613281250000000222e-01 8.171874999999999556e-01 6.656249999999999667e-02 8.840624999999999734e-01
3.960937500000000222e-01 8.863281250000000222e-01 6.371875000000000178e-01 4.656250000000000666e-02 9.840625000000000622e-01
4.910937499999999956e-01 6.988281250000000222e-01 7.271875000000000977e-01 5.656250000000000167e-02 1.034062500000000107e+00
3.010937499999999933e-01 8.238281250000000222e-01 9.071875000000000355e-01 3.656249999999999778e-02 9.340625000000000178e-01
2.535937500000000067e-01 6.675781250000000222e-01 5.921875000000000888e-01 6.156250000000000611e-02 1.059062500000000018e+00
4.435937500000000089e-01 7.925781250000000222e-01 7.721875000000000266e-01 4.156250000000000222e-02 9.590625000000000400e-01
3.485937500000000355e-01 7.300781250000000222e-01 8.621875000000001066e-01 5.156250000000000416e-02 9.090624999999999956e-01
1.585937500000000056e-01 8.550781250000000222e-01 6.821875000000000577e-01 3.156250000000000028e-02 1.009062499999999973e+00
1.467187500000000089e-01 7.378906250000000222e-01 6.259375000000000355e-01 3.781249999999999889e-02 1.027812500000000018e+00
3.367187500000000111e-01 8.628906250000000222e-01 8.059374999999999734e-01 5.781250000000000278e-02 9.278125000000000400e-01
4.317187499999999845e-01 6.753906250000000222e-01 8.959375000000000533e-01 4.781250000000000083e-02 8.778124999999999956e-01
2.417187499999999822e-01 8.003906250000000222e-01 7.159375000000000044e-01 6.781249999999999778e-02 9.778124999999999734e-01
2.892187499999999689e-01 7.066406250000000222e-01 7.609375000000000444e-01 3.281250000000000139e-02 9.028125000000000178e-01
4.792187500000000266e-01 8.316406250000000222e-01 5.809374999999999956e-01 5.281249999999999833e-02 1.002812500000000107e+00
3.842187499999999978e-01 7.691406250000000222e-01 6.709375000000000755e-01 4.281250000000000333e-02 1.052812500000000151e+00
1.942187499999999956e-01 8.941406250000000222e-01 8.509375000000000133e-01 6.281250000000000722e-02 9.528125000000000622e-01
1.704687500000000022e-01 6.597656250000000222e-01 6.934375000000000400e-01 5.031250000000000305e-02 9.403124999999999956e-01
3.604687500000000044e-01 7.847656250000000222e-01 8.734375000000000888e-01 3.031249999999999917e-02 1.040312499999999973e+00
4.554687499999999778e-01 7.222656250000000222e-01 7.834375000000000089e-01 6.031250000000000500e-02 9.903125000000000400e-01
2.654687500000000311e-01 8.472656250000000222e-01 6.034375000000000711e-01 4.031250000000000111e-02 8.903124999999999512e-01
2.179687499999999889e-01 7.535156250000000222e-01 8.284375000000000488e-01 5.531250000000000056e-02 1.015312500000000062e+00
4.079687499999999911e-01 8.785156250000000222e-01 6.484375000000000000e-01 3.531249999999999667e-02 9.153124999999999734e-01
3.129687500000000178e-01 6.910156250000000222e-01 5.584375000000000311e-01 6.531249999999999556e-02 9.653125000000000178e-01
1.229687500000000017e-01 8.160156250000000222e-01 7.384375000000000799e-01 4.531250000000000555e-02 1.065312500000000107e+00
1.244531249999999978e-01 7.330078125000000222e-01 8.326562500000000977e-01 6.765625000000000111e-02 9.629687500000000400e-01
3.144531250000000000e-01 8.580078125000000222e-01 6.526562500000000488e-01 4.765624999999999722e-02 1.062968750000000018e+00
4.094531249999999734e-01 6.705078125000000222e-01 5.626562500000000799e-01 5.765625000000000611e-02 1.012968749999999973e+00
2.194531249999999989e-01 7.955078125000000222e-01 7.426562500000000178e-01 3.765625000000000222e-02 9.129687499999999956e-01
2.669531250000000133e-01 7.017578125000000222e-01 6.976562500000000888e-01 6.265624999999999667e-02 9.879687500000000622e-01
4.569531250000000155e-01 8.267578125000000222e-01 8.776562500000000266e-01 4.265624999999999972e-02 8.879687499999999734e-01
3.619531249999999867e-01 7.642578125000000222e-01 7.876562500000000577e-01 5.265625000000000167e-02 9.379687500000000178e-01
1.719531249999999845e-01 8.892578125000000222e-01 6.076562500000000089e-01 3.265624999999999778e-02 1.037968750000000107e+00
1.957031249999999778e-01 6.548828125000000222e-01 7.651562499999999822e-01 4.015625000000000444e-02 1.050468750000000062e+00
3.857031249999999800e-01 7.798828125000000222e-01 5.851562500000000444e-01 6.015625000000000833e-02 9.504687499999999734e-01
4.807031250000000089e-01 7.173828125000000222e-01 6.751562500000000133e-01 3.015624999999999903e-02 9.004687500000000400e-01
2.907031250000000067e-01 8.423828125000000222e-01 8.551562500000000622e-01 5.015624999999999944e-02 1.000468750000000018e+00
2.432031249999999922e-01 7.486328125000000222e-01 6.301562500000000844e-01 4.515625000000000194e-02 8.754687500000000178e-01
4.332031250000000222e-01 8.736328125000000222e-01 8.101562500000000222e-01 6.515624999999999889e-02 9.754687499999999956e-01
3.382031249999999933e-01 6.861328125000000222e-01 9.001562499999999911e-01 3.515625000000000000e-02 1.025468749999999929e+00
1.482031249999999911e-01 8.111328125000000222e-01 7.201562500000000533e-01 5.515625000000000389e-02 9.254687500000000622e-01
1.600781249999999878e-01 6.939453125000000222e-01 5.739062500000000622e-01 5.390625000000000278e-02 9.192187499999999734e-01
3.500781250000000178e-01 8.189453125000000222e-01 7.539062500000000000e-01 3.390624999999999889e-02 1.019218750000000062e+00
4.450781249999999911e-01 7.564453125000000222e-01 8.439062500000000799e-01 6.390624999999999778e-02 1.069218750000000107e+00
2.550781249999999889e-01 8.814453125000000222e-01 6.639062500000000311e-01 4.390625000000000083e-02 9.692187500000000178e-01
3.025781250000000311e-01 7.251953125000000222e-01 7.989062500000000400e-01 5.890625000000000722e-02 1.044218749999999973e+00
4.925781249999999778e-01 8.501953125000000222e-01 6.189062499999999911e-01 3.890625000000000333e-02 9.442187499999999956e-01
3.975781250000000044e-01 6.626953125000000222e-01 7.089062500000000711e-01 6.890625000000000222e-02 8.942187499999999512e-01
2.075781250000000022e-01 7.876953125000000222e-01 8.889062500000000089e-01 4.890624999999999833e-02 9.942187500000000400e-01
1.838281250000000089e-01 7.720703125000000222e-01 6.414062500000000666e-01 3.640625000000000111e-02 1.006718750000000107e+00
3.738281250000000111e-01 8.970703125000000222e-01 8.214062500000001155e-01 5.640625000000000500e-02 9.067187500000000178e-01
4.688281249999999845e-01 7.095703125000000222e-01 7.314062500000000355e-01 4.640625000000000305e-02 9.567187500000000622e-01
2.788281249999999822e-01 8.345703125000000222e-01 5.514062500000000977e-01 6.640625000000000000e-02 1.056718750000000151e+00
2.313281249999999956e-01 6.783203125000000222e-01 8.664062500000000444e-01 3.140624999999999667e-02 9.317187500000000400e-01
4.213281249999999978e-01 8.033203125000000222e-01 6.864062500000001066e-01 5.140625000000000056e-02 1.031718750000000018e+00
3.263281249999999689e-01 7.408203125000000222e-01 5.964062500000000266e-01 4.140624999999999861e-02 9.817187499999999734e-01
1.363281249999999944e-01 8.658203125000000222e-01 7.764062500000000755e-01 6.140625000000000250e-02 8.817187499999999956e-01
1.422656250000000067e-01 6.666015625000000222e-01 6.695312500000000222e-01 4.578125000000000250e-02 1.022343750000000107e+00
3.322656250000000089e-01 7.916015625000000222e-01 8.495312500000000711e-01 6.578125000000001332e-02 9.223437500000000178e-01
4.272656249999999822e-01 7.291015625000000222e-01 7.595312499999999911e-01 3.578125000000000056e-02 8.723437499999999734e-01
2.372656249999999800e-01 8.541015625000000222e-01 5.795312500000000533e-01 5.578125000000000444e-02 9.723437500000000622e-01
2.847656250000000222e-01 7.603515625000000222e-01 8.945312500000000000e-01 4.078125000000000500e-02 8.973437499999999956e-01
4.747656250000000244e-01 8.853515625000000222e-01 7.145312500000000622e-01 6.078125000000000888e-02 9.973437499999999734e-01
3.797656249999999956e-01 6.978515625000000222e-01 6.245312499999999822e-01 3.078124999999999958e-02 1.047343750000000018e+00
1.897656249999999933e-01 8.228515625000000222e-01 8.045312500000000311e-01 5.078125000000000000e-02 9.473437500000000400e-01
2.135156249999999867e-01 7.134765625000000222e-01 5.570312500000000888e-01 6.328125000000001110e-02 9.348437499999999734e-01
4.035156249999999889e-01 8.384765625000000222e-01 7.370312500000000266e-01 4.328125000000000028e-02 1.034843750000000062e+00
4.985156250000000178e-01 6.509765625000000222e-01 8.270312500000001066e-01 5.328125000000000222e-02 9.848437500000000178e-01
3.085156249999999600e-01 7.759765625000000222e-01 6.470312500000000577e-01 3.328124999999999833e-02 8.848437500000000400e-01
2.610156249999999734e-01 6.822265625000000222e-01 7.820312500000000666e-01 6.828125000000001554e-02 1.009843749999999929e+00
4.510156249999999756e-01 8.072265625000000222e-01 6.020312500000000178e-01 4.828124999999999778e-02 9.098437500000000622e-01
3.560156250000000022e-01 7.447265625000000222e-01 6.920312500000000977e-01 5.828125000000000666e-02 9.598437499999999956e-01
1.660156250000000000e-01 8.697265625000000222e-01 8.720312500000000355e-01 3.828125000000000278e-02 1.059843749999999973e+00
1.541406250000000033e-01 7.525390625000000222e-01 7.482812500000000089e-01 3.203124999999999722e-02 9.785937500000000400e-01
3.441406249999999778e-01 8.775390625000000222e-01 5.682812500000000711e-01 5.203125000000000111e-02 8.785937499999999512e-01
4.391406250000000067e-01 6.900390625000000222e-01 6.582812500000000400e-01 4.203124999999999917e-02 9.285937499999999956e-01
2.491406250000000044e-01 8.150390625000000222e-01 8.382812500000000888e-01 6.203125000000000305e-02 1.028593749999999973e+00
2.966406249999999911e-01 6.587890625000000222e-01 6.132812500000000000e-01 3.703125000000000167e-02 9.535937500000000178e-01
4.866406249999999933e-01 7.837890625000000222e-01 7.932812500000000488e-01 5.703125000000000555e-02 1.053593750000000107e+00
3.916406250000000200e-01 7.212890625000000222e-01 8.832812500000000178e-01 4.703125000000000361e-02 1.003593750000000062e+00
2.016406249999999900e-01 8.462890625000000222e-01 7.032812500000000799e-01 6.703125000000001443e-02 9.035937499999999734e-01
1.778906249999999967e-01 7.056640625000000222e-01 8.607812500000000533e-01 5.953125000000000777e-02 8.910937500000000178e-01
3.678906250000000266e-01 8.306640625000000222e-01 6.807812500000000044e-01 3.953125000000000389e-02 9.910937499999999956e-01
4.628906250000000000e-01 7.681640625000000222e-01 5.907812500000000355e-01 6.953125000000001665e-02 1.041093749999999929e+00
2.728906249999999978e-01 8.931640625000000222e-01 7.707812499999999734e-01 4.953124999999999889e-02 9.410937500000000622e-01
2.253906250000000111e-01 7.369140625000000222e-01 7.257812500000000444e-01 5.453125000000000333e-02 1.066093750000000062e+00
4.153906250000000133e-01 8.619140625000000222e-01 9.057812499999999822e-01 3.453124999999999944e-02 9.660937499999999734e-01
3.203906249999999845e-01 6.744140625000000222e-01 8.157812500000000133e-01 6.453125000000001221e-02 9.160937500000000400e-01
1.303906249999999822e-01 7.994140625000000222e-01 6.357812500000000755e-01 4.453125000000000139e-02 1.016093750000000018e+00
1.274218749999999900e-01 6.998046875000000222e-01 8.129687500000000178e-01 3.984374999999999722e-02 9.207812499999999956e-01
3.174218749999999645e-01 8.248046875000000222e-01 6.329687500000000799e-01 5.984375000000000111e-02 1.020781249999999973e+00
4.124218749999999933e-01 7.623046875000000222e-01 7.229687500000000488e-01 4.984375000000000611e-02 9.707812500000000400e-01
2.224218749999999911e-01 8.873046875000000222e-01 9.029687500000000977e-01 6.984375000000000999e-02 8.707812499999999512e-01
2.699218749999999778e-01 7.310546875000000222e-01 5.879687500000000400e-01 3.484374999999999972e-02 9.957812500000000622e-01
4.599218749999999800e-01 8.560546875000000222e-01 7.679687500000000888e-01 5.484375000000000361e-02 8.957812499999999734e-01
3.649218750000000067e-01 6.685546875000000222e-01 8.579687500000000577e-01 4.484375000000000167e-02 9.457812500000000178e-01
1.749218750000000044e-01 7.935546875000000222e-01 6.779687500000000089e-01 6.484375000000000555e-02 1.045781250000000107e+00
1.986718749999999978e-01 7.466796875000000222e-01 8.804687500000000222e-01 5.234375000000000833e-02 1.033281249999999929e+00
3.886718750000000000e-01 8.716796875000000222e-01 7.004687499999999734e-01 3.234374999999999750e-02 9.332812500000000622e-01
4.836718749999999734e-01 6.841796875000000222e-01 6.104687500000000044e-01 6.234375000000000333e-02 8.832812500000000178e-01
2.936718750000000266e-01 8.091796875000000222e-01 7.904687500000000533e-01 4.234374999999999944e-02 9.832812499999999956e-01
2.461718749999999845e-01 6.529296875000000222e-01 6.554687500000000444e-01 5.734375000000000583e-02 9.082812500000000400e-01
4.361718749999999867e-01 7.779296875000000222e-01 8.354687499999999822e-01 3.734375000000000194e-02 1.008281250000000018e+00
3.411718750000000133e-01 7.154296875000000222e-01 7.454687500000000133e-01 6.734375000000000777e-02 1.058281250000000062e+00
1.511718750000000111e-01 8.404296875000000222e-01 5.654687500000000755e-01 4.734375000000000389e-02 9.582812499999999734e-01
1.630468749999999800e-01 7.232421875000000222e-01 6.892187499999999911e-01 4.359375000000000056e-02 8.770312500000000400e-01
3.530468749999999822e-01 8.482421875000000222e-01 8.692187500000000400e-01 6.359375000000000444e-02 9.770312500000000178e-01
4.480468750000000111e-01 6.607421875000000222e-01 7.792187500000000711e-01 3.359374999999999861e-02 1.027031250000000062e+00
2.580468750000000089e-01 7.857421875000000222e-01 5.992187500000000222e-01 5.359375000000000250e-02 9.270312499999999734e-01
3.055468749999999956e-01 6.919921875000000222e-01 8.242187500000000000e-01 4.859375000000000500e-02 1.052031249999999973e+00
4.955468749999999978e-01 8.169921875000000222e-01 6.442187500000000622e-01 6.859375000000000888e-02 9.520312499999999956e-01
4.005468750000000244e-01 7.544921875000000222e-01 5.542187500000000933e-01 3.859375000000000305e-02 9.020312500000000622e-01
2.105468749999999944e-01 8.794921875000000222e-01 7.342187500000000311e-01 5.859375000000000000e-02 1.002031249999999929e+00
1.867968750000000011e-01 6.763671875000000222e-01 6.217187500000000977e-01 6.609375000000000666e-02 9.895312499999999734e-01
3.767968749999999756e-01 8.013671875000000222e-01 8.017187500000000355e-01 4.609375000000000278e-02 8.895312499999999956e-01
4.717968750000000044e-01 7.388671875000000222e-01 8.917187500000000044e-01 5.609375000000000472e-02 9.395312500000000400e-01
2.817968750000000022e-01 8.638671875000000222e-01 7.117187500000000666e-01 3.609375000000000083e-02 1.039531250000000018e+00
2.342968750000000155e-01 7.701171875000000222e-01 7.567187499999999956e-01 6.109375000000000222e-02 9.645312500000000622e-01
4.242968750000000178e-01 8.951171875000000222e-01 5.767187500000000577e-01 4.109374999999999833e-02 1.064531250000000151e+00
3.292968749999999889e-01 7.076171875000000222e-01 6.667187500000000266e-01 5.109375000000000722e-02 1.014531250000000107e+00
1.392968749999999867e-01 8.326171875000000222e-01 8.467187499999999645e-01 3.109374999999999986e-02 9.145312500000000178e-01
1.333593750000000022e-01 7.662109375000000222e-01 6.048437500000000133e-01 5.671875000000000527e-02 1.061406250000000107e+00
3.233593750000000044e-01 8.912109375000000222e-01 7.848437500000000622e-01 3.671875000000000139e-02 9.614062500000000178e-01
4.183593749999999778e-01 7.037109375000000222e-01 8.748437500000000311e-01 6.671875000000000722e-02 9.114062499999999734e-01
2.283593750000000033e-01 8.287109375000000222e-01 6.948437499999999822e-01 4.671875000000000333e-02 1.011406250000000062e+00
2.758593750000000178e-01 6.724609375000000222e-01 7.398437500000000222e-01 5.171875000000000777e-02 8.864062499999999512e-01
4.658593750000000200e-01 7.974609375000000222e-01 5.598437500000000844e-01 3.171874999999999695e-02 9.864062500000000400e-01
3.708593749999999911e-01 7.349609375000000222e-01 6.498437500000000533e-01 6.171875000000000278e-02 1.036406249999999973e+00
1.808593749999999889e-01 8.599609375000000222e-01 8.298437499999999911e-01 4.171874999999999889e-02 9.364062499999999956e-01
2.046093749999999822e-01 6.880859375000000222e-01 7.173437500000000577e-01 3.421874999999999917e-02 9.489062500000000622e-01
3.946093749999999845e-01 8.130859375000000222e-01 8.973437500000001066e-01 5.421875000000000305e-02 1.048906250000000151e+00
4.896093750000000133e-01 7.505859375000000222e-01 8.073437500000000266e-01 4.421875000000000111e-02 9.989062500000001066e-01
2.996093750000000111e-01 8.755859375000000222e-01 6.273437500000000888e-01 6.421875000000000500e-02 8.989062500000000178e-01
2.521093749999999689e-01 7.193359375000000222e-01 8.523437499999999556e-01 3.921874999999999667e-02 9.739062499999999734e-01
4.421093750000000266e-01 8.443359375000000222e-01 6.723437500000000178e-01 5.921875000000000056e-02 8.739062499999999956e-01
3.471093749999999978e-01 6.568359375000000222e-01 5.823437500000000488e-01 4.921875000000000555e-02 9.239062500000000400e-01
1.571093749999999956e-01 7.818359375000000222e-01 7.623437500000000977e-01 6.921875000000000944e-02 1.023906250000000018e+00
1.452343749999999989e-01 6.646484375000000222e-01 9.085937500000000888e-01 6.046875000000000167e-02 1.017656249999999929e+00
3.352343749999999734e-01 7.896484375000000222e-01 7.285937500000000400e-01 4.046874999999999778e-02 9.176562500000000622e-01
4.302343750000000022e-01 7.271484375000000222e-01 6.385937500000000711e-01 5.046875000000000666e-02 9.676562499999999956e-01
2.402343750000000000e-01 8.521484375000000222e-01 8.185937500000000089e-01 3.046874999999999931e-02 1.067656249999999973e+00
2.877343749999999867e-01 7.583984375000000222e-01 6.835937500000000000e-01 6.546875000000000611e-02 9.426562499999999734e-01
4.777343749999999889e-01 8.833984375000000222e-01 8.635937500000000488e-01 4.546875000000000222e-02 1.042656250000000062e+00
3.827343750000000155e-01 6.958984375000000222e-01 7.735937500000000799e-01 5.546875000000000416e-02 9.926562500000000178e-01
1.927343750000000133e-01 8.208984375000000222e-01 5.935937500000000311e-01 3.546875000000000028e-02 8.926562500000000400e-01
1.689843749999999922e-01 7.427734375000000222e-01 7.960937500000000444e-01 4.796875000000000444e-02 9.051562499999999956e-01
3.589843750000000222e-01 8.677734375000000222e-01 6.160937499999999956e-01 6.796875000000000833e-02 1.005156249999999973e+00
4.539843749999999956e-01 6.802734375000000222e-01 7.060937500000000755e-01 3.796875000000000250e-02 1.055156250000000018e+00
2.639843749999999933e-01 8.052734375000000222e-01 8.860937500000000133e-01 5.796874999999999944e-02 9.551562500000000400e-01
2.164843750000000067e-01 7.115234375000000222e-01 5.710937500000000666e-01 4.296875000000000000e-02 1.030156250000000107e+00
4.064843750000000089e-01 8.365234375000000222e-01 7.510937500000000044e-01 6.296875000000000389e-02 9.301562500000000178e-01
3.114843750000000355e-01 7.740234375000000222e-01 8.410937499999999734e-01 3.296874999999999806e-02 8.801562499999999734e-01
1.214843749999999917e-01 8.990234375000000222e-01 6.610937500000000355e-01 5.296875000000000194e-02 9.801562500000000622e-01
1.222265624999999967e-01 7.745117187500000222e-01 7.855468750000000888e-01 4.132812500000000028e-02 1.036796875000000062e+00
3.122265625000000266e-01 8.995117187500000222e-01 6.055468750000000400e-01 6.132812500000000416e-02 9.367968749999999734e-01
4.072265625000000000e-01 7.120117187500000222e-01 6.955468750000000089e-01 3.132812499999999833e-02 8.867968750000000400e-01
2.172265624999999978e-01 8.370117187500000222e-01 8.755468750000000577e-01 5.132812500000000222e-02 9.867968750000000178e-01
2.647265624999999845e-01 6.807617187500000222e-01 5.605468750000000000e-01 4.632812499999999778e-02 9.117968750000000622e-01
4.547265624999999867e-01 8.057617187500000222e-01 7.405468750000000488e-01 6.632812500000001554e-02 1.011796874999999929e+00
3.597265625000000133e-01 7.432617187500000222e-01 8.305468750000000178e-01 3.632812500000000278e-02 1.061796874999999973e+00
1.697265625000000111e-01 8.682617187500000222e-01 6.505468750000000799e-01 5.632812500000000666e-02 9.617968749999999956e-01
1.934765625000000044e-01 6.963867187500000222e-01 8.980468750000000222e-01 6.882812500000000389e-02 9.242968750000000178e-01
3.834765625000000067e-01 8.213867187500000222e-01 7.180468749999999734e-01 4.882812500000000000e-02 1.024296875000000107e+00
4.784765624999999800e-01 7.588867187500000222e-01 6.280468750000000044e-01 5.882812500000000888e-02 9.742968750000000622e-01
2.884765624999999778e-01 8.838867187500000222e-01 8.080468750000000533e-01 3.882812499999999806e-02 8.742968749999999734e-01
2.409765624999999911e-01 7.276367187500000222e-01 6.730468750000000444e-01 6.382812500000001332e-02 9.992968749999999734e-01
4.309765624999999933e-01 8.526367187500000222e-01 8.530468749999999822e-01 4.382812500000000250e-02 8.992968749999999956e-01
3.359765624999999645e-01 6.651367187500000222e-01 7.630468750000000133e-01 5.382812500000000444e-02 9.492968750000000400e-01
1.459765624999999900e-01 7.901367187500000222e-01 5.830468750000000755e-01 3.382812500000000056e-02 1.049296875000000018e+00
1.578515624999999867e-01 6.573242187500000222e-01 7.292968750000000666e-01 3.507812500000000167e-02 9.930468749999999956e-01
3.478515624999999889e-01 7.823242187500000222e-01 9.092968750000000044e-01 5.507812500000000555e-02 8.930468750000000178e-01
4.428515625000000178e-01 7.198242187500000222e-01 8.192968750000000355e-01 4.507812500000000361e-02 9.430468750000000622e-01
2.528515624999999600e-01 8.448242187500000222e-01 6.392968750000000977e-01 6.507812500000001443e-02 1.043046874999999929e+00
3.003515625000000022e-01 7.510742187500000222e-01 8.642968749999999645e-01 3.007812499999999722e-02 9.680468749999999734e-01
4.903515625000000044e-01 8.760742187500000222e-01 6.842968750000000266e-01 5.007812500000000111e-02 1.068046875000000062e+00
3.953515624999999756e-01 6.885742187500000222e-01 5.942968750000000577e-01 4.007812499999999917e-02 1.018046875000000018e+00
2.053515625000000011e-01 8.135742187500000222e-01 7.742968749999999956e-01 6.007812500000000305e-02 9.180468750000000400e-01
1.816015624999999800e-01 7.354492187500000222e-01 6.167968750000000222e-01 5.257812500000000333e-02 8.805468749999999512e-01
3.716015624999999822e-01 8.604492187500000222e-01 7.967968750000000711e-01 3.257812499999999944e-02 9.805468750000000400e-01
4.666015625000000111e-01 6.729492187500000222e-01 8.867968750000000400e-01 6.257812500000001221e-02 1.030546874999999973e+00
2.766015625000000089e-01 7.979492187500000222e-01 7.067968749999999911e-01 4.257812500000000139e-02 9.305468749999999956e-01
2.291015624999999944e-01 7.041992187500000222e-01 7.517968750000000311e-01 5.757812500000000777e-02 1.055546875000000107e+00
4.191015625000000244e-01 8.291992187500000222e-01 5.717968750000000933e-01 3.757812500000000389e-02 9.555468750000000178e-01
3.241015624999999956e-01 7.666992187500000222e-01 6.617968750000000622e-01 6.757812500000000278e-02 9.055468749999999734e-01
1.341015624999999933e-01 8.916992187500000222e-01 8.417968750000000000e-01 4.757812499999999889e-02 1.005546875000000062e+00
1.400390625000000056e-01 7.081054687500000222e-01 6.336718749999999956e-01 6.445312500000000000e-02 9.461718749999999956e-01
3.300390625000000355e-01 8.331054687500000222e-01 8.136718750000000444e-01 4.445312500000000305e-02 1.046171874999999973e+00
4.250390625000000089e-01 7.706054687500000222e-01 9.036718750000000133e-01 5.445312500000000500e-02 9.961718750000000400e-01
2.350390625000000067e-01 8.956054687500000222e-01 7.236718750000000755e-01 3.445312500000000111e-02 8.961718749999999512e-01
2.825390624999999933e-01 7.393554687500000222e-01 7.686718750000000044e-01 6.945312500000000444e-02 9.711718750000000178e-01
4.725390624999999956e-01 8.643554687500000222e-01 5.886718750000000666e-01 4.945312500000000056e-02 8.711718750000000400e-01
3.775390625000000222e-01 6.768554687500000222e-01 6.786718750000000355e-01 5.945312500000000944e-02 9.211718749999999734e-01
1.875390624999999922e-01 8.018554687500000222e-01 8.586718749999999734e-01 3.945312499999999861e-02 1.021171875000000062e+00
2.112890625000000133e-01 7.549804687500000222e-01 7.011718750000000000e-01 4.695312499999999833e-02 1.058671875000000151e+00
4.012890625000000155e-01 8.799804687500000222e-01 8.811718750000000488e-01 6.695312500000000222e-02 9.586718750000000622e-01
4.962890624999999889e-01 6.924804687500000222e-01 7.911718750000000799e-01 3.695312500000000333e-02 9.086718750000000178e-01
3.062890624999999867e-01 8.174804687500000222e-01 6.111718750000000311e-01 5.695312500000000722e-02 1.008671875000000107e+00
2.587890625000000000e-01 6.612304687500000222e-01 8.361718750000000089e-01 4.195312500000000083e-02 8.836718749999999956e-01
4.487890625000000022e-01 7.862304687500000222e-01 6.561718750000000711e-01 6.195312500000000472e-02 9.836718749999999734e-01
3.537890624999999734e-01 7.237304687500000222e-01 5.661718749999999911e-01 3.195312499999999889e-02 1.033671875000000018e+00
1.637890624999999989e-01 8.487304687500000222e-01 7.461718750000000400e-01 5.195312500000000278e-02 9.336718750000000400e-01
1.519140625000000022e-01 7.159179687500000222e-01 8.699218749999999556e-01 5.820312500000000833e-02 9.024218750000000400e-01
3.419140625000000044e-01 8.409179687500000222e-01 6.899218750000000178e-01 3.820312500000000444e-02 1.002421875000000018e+00
4.369140624999999778e-01 6.534179687500000222e-01 5.999218750000000488e-01 6.820312500000000333e-02 1.052421875000000062e+00
2.469140625000000033e-01 7.784179687500000222e-01 7.799218750000000977e-01 4.820312499999999944e-02 9.524218749999999734e-01
2.944140625000000178e-01 6.846679687500000222e-01 6.449218750000000888e-01 5.320312500000000389e-02 1.027421874999999929e+00
4.844140625000000200e-01 8.096679687500000222e-01 8.249218750000000266e-01 3.320312500000000000e-02 9.274218750000000622e-01
3.894140624999999911e-01 7.471679687500000222e-01 7.349218750000000577e-01 6.320312499999999889e-02 8.774218750000000178e-01
1.994140624999999889e-01 8.721679687500000222e-01 5.549218750000000089e-01 4.320312500000000194e-02 9.774218749999999956e-01
1.756640624999999956e-01 6.690429687500000222e-01 8.024218750000000622e-01 3.070312499999999778e-02 1.014921874999999973e+00
3.656640624999999978e-01 7.940429687500000222e-01 6.224218750000000133e-01 5.070312500000000167e-02 9.149218749999999956e-01
4.606640625000000266e-01 7.315429687500000222e-01 7.124218749999999822e-01 4.070312499999999972e-02 9.649218750000000400e-01
2.706640624999999689e-01 8.565429687500000222e-01 8.924218750000000311e-01 6.070312500000000361e-02 1.064921875000000018e+00
2.231640624999999822e-01 7.627929687500000222e-01 5.774218750000000844e-01 3.570312500000000222e-02 9.399218750000000178e-01
4.131640624999999845e-01 8.877929687500000222e-01 7.574218750000000222e-01 5.570312500000000611e-02 1.039921875000000107e+00
3.181640625000000111e-01 7.002929687500000222e-01 8.474218749999999911e-01 4.570312499999999722e-02 9.899218750000000622e-01
1.281640625000000089e-01 8.252929687500000222e-01 6.674218750000000533e-01 6.570312500000000111e-02 8.899218749999999734e-01
1.311328125000000011e-01 6.749023437500000222e-01 8.502343750000000977e-01 5.101562500000000194e-02 1.047734375000000107e+00
3.211328125000000311e-01 7.999023437500000222e-01 6.702343750000000488e-01 3.101562499999999806e-02 9.477343750000000178e-01
4.161328125000000044e-01 7.374023437500000222e-01 5.802343750000000799e-01 6.101562500000000389e-02 8.977343749999999734e-01
2.261328125000000022e-01 8.624023437500000222e-01 7.602343750000000178e-01 4.101562500000000000e-02 9.977343750000000622e-01
2.736328124999999889e-01 7.686523437500000222e-01 7.152343750000000888e-01 5.601562499999999944e-02 8.727343749999999512e-01
4.636328124999999911e-01 8.936523437500000222e-01 8.952343750000000266e-01 3.601562500000000250e-02 9.727343750000000400e-01
3.686328125000000178e-01 7.061523437500000222e-01 8.052343750000000577e-01 6.601562500000000833e-02 1.022734374999999973e+00
1.786328124999999878e-01 8.311523437500000222e-01 6.252343750000000089e-01 4.601562500000000444e-02 9.227343749999999956e-01
2.023828125000000089e-01 7.217773437500000222e-01 7.377343750000000533e-01 3.851562499999999778e-02 9.602343749999999734e-01
3.923828125000000111e-01 8.467773437500000222e-01 5.577343750000000044e-01 5.851562500000000167e-02 1.060234375000000062e+00
4.873828124999999845e-01 6.592773437500000222e-01 6.477343750000000844e-01 4.851562500000000666e-02 1.010234375000000018e+00
2.973828124999999822e-01 7.842773437500000222e-01 8.277343750000000222e-01 6.851562499999999667e-02 9.102343750000000400e-01
2.498828124999999956e-01 6.905273437500000222e-01 6.027343750000000444e-01 3.351562500000000028e-02 9.852343749999999956e-01
4.398828124999999978e-01 8.155273437500000222e-01 7.827343749999999822e-01 5.351562500000000416e-02 8.852343750000000178e-01
3.448828124999999689e-01 7.530273437500000222e-01 8.727343750000000622e-01 4.351562500000000222e-02 9.352343750000000622e-01
1.548828124999999944e-01 8.780273437500000222e-01 6.927343750000000133e-01 6.351562500000000611e-02 1.035234374999999929e+00
1.667578124999999911e-01 7.452148437500000222e-01 5.689843750000000977e-01 6.726562500000000944e-02 1.003984374999999929e+00
3.567578124999999933e-01 8.702148437500000222e-01 7.489843750000000355e-01 4.726562500000000555e-02 9.039843750000000622e-01
4.517578125000000222e-01 6.827148437500000222e-01 8.389843750000001155e-01 5.726562500000000056e-02 9.539843749999999956e-01
2.617578124999999645e-01 8.077148437500000222e-01 6.589843750000000666e-01 3.726562499999999667e-02 1.053984374999999973e+00
3.092578125000000067e-01 6.514648437500000222e-01 7.939843750000000755e-01 6.226562500000000500e-02 9.289843749999999734e-01
4.992578125000000089e-01 7.764648437500000222e-01 6.139843750000000266e-01 4.226562500000000111e-02 1.028984375000000062e+00
4.042578124999999800e-01 7.139648437500000222e-01 7.039843750000001066e-01 5.226562500000000305e-02 9.789843750000000178e-01
2.142578124999999778e-01 8.389648437500000222e-01 8.839843750000000444e-01 3.226562499999999917e-02 8.789843750000000400e-01
1.905078124999999845e-01 6.983398437500000222e-01 6.814843750000000311e-01 4.476562500000000333e-02 9.164843750000000178e-01
3.805078124999999867e-01 8.233398437500000222e-01 8.614843750000000799e-01 6.476562500000000722e-02 1.016484375000000107e+00
4.755078125000000155e-01 7.608398437500000222e-01 7.714843750000000000e-01 3.476562500000000139e-02 1.066484375000000151e+00
2.855078125000000133e-01 8.858398437500000222e-01 5.914843750000000622e-01 5.476562500000000527e-02 9.664843750000000622e-01
2.380078124999999989e-01 7.295898437500000222e-01 9.064843750000000089e-01 4.976562500000000777e-02 1.041484375000000018e+00
4.280078124999999734e-01 8.545898437500000222e-01 7.264843750000000711e-01 6.976562499999999778e-02 9.414843750000000400e-01
3.330078125000000000e-01 6.670898437500000222e-01 6.364843749999999911e-01 3.976562499999999889e-02 8.914843749999999956e-01
1.430078124999999978e-01 7.920898437500000222e-01 8.164843750000000400e-01 5.976562500000000278e-02 9.914843750000000844e-01
1.370703124999999856e-01 7.413085937500000222e-01 6.533593750000000755e-01 3.289062499999999972e-02 9.383593749999999956e-01
3.270703124999999600e-01 8.663085937500000222e-01 8.333593750000000133e-01 5.289062500000000361e-02 1.038359374999999973e+00
4.220703124999999889e-01 6.788085937500000222e-01 7.433593750000000444e-01 4.289062500000000167e-02 9.883593750000000400e-01
2.320703124999999867e-01 8.038085937500000222e-01 5.633593749999999956e-01 6.289062500000000555e-02 8.883593749999999512e-01
2.795703124999999734e-01 7.100585937500000222e-01 8.783593750000000533e-01 3.789062499999999722e-02 1.013359375000000062e+00
4.695703124999999756e-01 8.350585937500000222e-01 6.983593750000000044e-01 5.789062500000000111e-02 9.133593749999999734e-01
3.745703125000000022e-01 7.725585937500000222e-01 6.083593750000000355e-01 4.789062500000000611e-02 9.633593750000000178e-01
1.845703125000000000e-01 8.975585937500000222e-01 7.883593749999999734e-01 6.789062500000000999e-02 1.063359375000000107e+00
2.083203124999999933e-01 6.631835937500000222e-01 5.858593750000000711e-01 5.539062499999999889e-02 1.025859375000000018e+00
3.983203124999999956e-01 7.881835937500000222e-01 7.658593750000000089e-01 3.539062500000000194e-02 9.258593750000000400e-01
4.933203125000000244e-01 7.256835937500000222e-01 8.558593750000000888e-01 6.539062500000000777e-02 8.758593749999999956e-01
3.033203125000000222e-01 8.506835937500000222e-01 6.758593750000000400e-01 4.539062500000000389e-02 9.758593749999999734e-01
2.558203125000000355e-01 7.569335937500000222e-01 8.108593750000000488e-01 5.039062500000000139e-02 9.008593750000000178e-01
4.458203124999999822e-01 8.819335937500000222e-01 6.308593750000000000e-01 3.039062499999999750e-02 1.000859375000000107e+00
3.508203125000000089e-01 6.944335937500000222e-01 7.208593750000000799e-01 6.039062500000000333e-02 1.050859375000000151e+00
1.608203125000000067e-01 8.194335937500000222e-01 9.008593750000000178e-01 4.039062499999999944e-02 9.508593750000000622e-01
1.489453124999999822e-01 6.866210937500000222e-01 7.546093750000000266e-01 4.914062500000000722e-02 8.946093750000000400e-01
3.389453124999999845e-01 8.116210937500000222e-01 5.746093750000000888e-01 6.914062500000001110e-02 9.946093750000000178e-01
4.339453125000000133e-01 7.491210937500000222e-01 6.646093750000000577e-01 3.914062499999999833e-02 1.044609375000000062e+00
2.439453125000000111e-01 8.741210937500000222e-01 8.446093750000001066e-01 5.914062500000000222e-02 9.446093749999999734e-01
2.914453124999999978e-01 7.178710937500000222e-01 6.196093750000000178e-01 4.414062500000000278e-02 1.069609374999999973e+00
4.814453125000000000e-01 8.428710937500000222e-01 7.996093750000000666e-01 6.414062500000000666e-02 9.696093749999999956e-01
3.864453124999999711e-01 6.553710937500000222e-01 8.896093750000000355e-01 3.414062500000000083e-02 9.196093750000000622e-01
1.964453124999999967e-01 7.803710937500000222e-01 7.096093750000000977e-01 5.414062500000000472e-02 1.019609374999999929e+00
1.726953125000000033e-01 7.647460937500000222e-01 8.221093750000000311e-01 6.164062500000000444e-02 9.821093750000000622e-01
3.626953124999999778e-01 8.897460937500000222e-01 6.421093749999999822e-01 4.164062500000000056e-02 8.821093749999999734e-01
4.576953125000000067e-01 7.022460937500000222e-01 5.521093750000000133e-01 5.164062500000000250e-02 9.321093750000000178e-01
2.676953125000000044e-01 8.272460937500000222e-01 7.321093750000000622e-01 3.164062499999999861e-02 1.032109375000000107e+00
2.201953124999999900e-01 6.709960937500000222e-01 6.871093750000000222e-01 6.664062500000000888e-02 9.571093750000000400e-01
4.101953125000000200e-01 7.959960937500000222e-01 8.671093750000000711e-01 4.664062500000000500e-02 1.057109375000000018e+00
3.151953124999999911e-01 7.334960937500000222e-01 7.771093749999999911e-01 5.664062500000000000e-02 1.007109374999999973e+00
1.251953124999999889e-01 8.584960937500000222e-01 5.971093750000000533e-01 3.664062500000000305e-02 9.071093749999999956e-01
1.237109374999999928e-01 6.915039062500000222e-01 7.053906250000000488e-01 5.898437500000000555e-02 9.969531250000001066e-01
3.137109375000000089e-01 8.165039062500000222e-01 8.853906250000000977e-01 3.898437500000000167e-02 8.969531250000000178e-01
4.087109374999999822e-01 7.540039062500000222e-01 7.953906250000000178e-01 6.898437500000001443e-02 9.469531250000000622e-01
2.187109374999999800e-01 8.790039062500000222e-01 6.153906250000000799e-01 4.898437500000000361e-02 1.046953125000000151e+00
2.662109375000000222e-01 7.227539062500000222e-01 8.403906250000000577e-01 5.398437500000000111e-02 9.219531250000000400e-01
4.562109375000000244e-01 8.477539062500000222e-01 6.603906250000000089e-01 3.398437499999999722e-02 1.021953125000000018e+00
3.612109374999999956e-01 6.602539062500000222e-01 5.703906250000000400e-01 6.398437500000000999e-02 9.719531249999999734e-01
1.712109374999999933e-01 7.852539062500000222e-01 7.503906250000000888e-01 4.398437499999999917e-02 8.719531249999999956e-01
1.949609374999999867e-01 7.696289062500000222e-01 6.378906250000000444e-01 3.148437500000000194e-02 9.094531249999999734e-01
3.849609374999999889e-01 8.946289062500000222e-01 8.178906249999999822e-01 5.148437499999999889e-02 1.009453125000000062e+00
4.799609375000000178e-01 7.071289062500000222e-01 9.078906250000000622e-01 4.148437500000000389e-02 1.059453125000000107e+00
2.899609374999999600e-01 8.321289062500000222e-01 7.278906250000000133e-01 6.148437500000000777e-02 9.594531250000000178e-01
2.424609375000000011e-01 6.758789062500000222e-01 7.728906250000000533e-01 3.648437499999999944e-02 1.034453124999999973e+00
4.324609374999999756e-01 8.008789062500000222e-01 5.928906250000000044e-01 5.648437500000000333e-02 9.344531249999999956e-01
3.374609375000000022e-01 7.383789062500000222e-01 6.828906249999999734e-01 4.648437500000000139e-02 8.844531249999999512e-01
1.474609375000000000e-01 8.633789062500000222e-01 8.628906250000000222e-01 6.648437500000001221e-02 9.844531250000000400e-01
1.593359374999999967e-01 7.305664062500000222e-01 8.066406250000000000e-01 6.273437500000000888e-02 1.053203125000000018e+00
3.493359375000000266e-01 8.555664062500000222e-01 6.266406250000000622e-01 4.273437500000000500e-02 9.532031250000000400e-01
4.443359375000000000e-01 6.680664062500000222e-01 7.166406250000000311e-01 5.273437500000000000e-02 9.032031249999999956e-01
2.543359374999999978e-01 7.930664062500000222e-01 8.966406250000000799e-01 3.273437499999999611e-02 1.003203124999999973e+00
3.018359374999999845e-01 6.993164062500000222e-01 5.816406250000000222e-01 6.773437500000001332e-02 8.782031249999999734e-01
4.918359374999999867e-01 8.243164062500000222e-01 7.616406250000000711e-01 4.773437500000000250e-02 9.782031250000000622e-01
3.968359375000000133e-01 7.618164062500000222e-01 8.516406250000000400e-01 5.773437500000000444e-02 1.028203125000000107e+00
2.068359375000000111e-01 8.868164062500000222e-01 6.716406249999999911e-01 3.773437500000000056e-02 9.282031250000000178e-01
1.830859374999999900e-01 6.524414062500000222e-01 8.741406250000001155e-01 4.523437500000000028e-02 9.657031249999999956e-01
3.730859375000000200e-01 7.774414062500000222e-01 6.941406250000000666e-01 6.523437500000001110e-02 1.065703124999999973e+00
4.680859374999999933e-01 7.149414062500000222e-01 6.041406250000000977e-01 3.523437499999999833e-02 1.015703124999999929e+00
2.780859374999999911e-01 8.399414062500000222e-01 7.841406250000000355e-01 5.523437500000000222e-02 9.157031250000000622e-01
2.305859375000000044e-01 7.461914062500000222e-01 6.491406250000000266e-01 4.023437500000000278e-02 9.907031250000000178e-01
4.205859375000000067e-01 8.711914062500000222e-01 8.291406249999999645e-01 6.023437500000000666e-02 8.907031250000000400e-01
3.255859374999999778e-01 6.836914062500000222e-01 7.391406250000001066e-01 3.023437499999999736e-02 9.407031249999999734e-01
1.355859375000000033e-01 8.086914062500000222e-01 5.591406250000000577e-01 5.023437499999999778e-02 1.040703125000000062e+00
1.415234374999999878e-01 7.579101562500000222e-01 8.910156250000000888e-01 3.710937500000000000e-02 8.875781249999999956e-01
3.315234375000000178e-01 8.829101562500000222e-01 7.110156250000000400e-01 5.710937500000000389e-02 9.875781249999999734e-01
4.265234374999999911e-01 6.954101562500000222e-01 6.210156250000000711e-01 4.710937500000000194e-02 1.037578125000000018e+00
2.365234374999999889e-01 8.204101562500000222e-01 8.010156250000000089e-01 6.710937499999999889e-02 9.375781250000000400e-01
2.840234375000000311e-01 6.641601562500000222e-01 6.660156250000000000e-01 3.210937500000000250e-02 1.062578125000000151e+00
4.740234374999999778e-01 7.891601562500000222e-01 8.460156250000000488e-01 5.210937499999999944e-02 9.625781250000000622e-01
3.790234375000000044e-01 7.266601562500000222e-01 7.560156250000000799e-01 4.210937500000000444e-02 9.125781250000000178e-01
1.890234375000000022e-01 8.516601562500000222e-01 5.760156250000000311e-01 6.210937500000000833e-02 1.012578125000000107e+00
2.127734374999999956e-01 7.110351562500000222e-01 7.785156250000000444e-01 5.460937500000000167e-02 9.750781250000000178e-01
4.027734374999999978e-01 8.360351562500000222e-01 5.985156249999999956e-01 3.460937499999999778e-02 8.750781250000000400e-01
4.977734375000000266e-01 7.735351562500000222e-01 6.885156250000000755e-01 6.460937499999999667e-02 9.250781249999999734e-01
3.077734374999999689e-01 8.985351562500000222e-01 8.685156250000000133e-01 4.460937499999999972e-02 1.025078125000000062e+00
2.602734374999999822e-01 7.422851562500000222e-01 5.535156250000000666e-01 5.960937500000000611e-02 9.500781249999999956e-01
4.502734374999999845e-01 8.672851562500000222e-01 7.335156250000000044e-01 3.960937500000000222e-02 1.050078124999999973e+00
3.552734375000000111e-01 6.797851562500000222e-01 8.235156249999999734e-01 6.960937500000000111e-02 1.000078124999999929e+00
1.652734375000000089e-01 8.047851562500000222e-01 6.435156250000000355e-01 4.960937500000000416e-02 9.000781250000000622e-01
1.533984374999999845e-01 6.719726562500000222e-01 6.097656250000000888e-01 4.085937500000000333e-02 9.438281250000000178e-01
3.433984374999999867e-01 7.969726562500000222e-01 7.897656250000000266e-01 6.085937500000000722e-02 1.043828125000000107e+00
4.383984375000000155e-01 7.344726562500000222e-01 8.797656250000001066e-01 3.085937499999999792e-02 9.938281250000000622e-01
2.483984374999999856e-01 8.594726562500000222e-01 6.997656250000000577e-01 5.085937499999999833e-02 8.938281249999999734e-01
2.958984375000000000e-01 7.657226562500000222e-01 7.447656250000000977e-01 4.585937500000000083e-02 1.018828124999999973e+00
4.858984375000000022e-01 8.907226562500000222e-01 5.647656250000000488e-01 6.585937499999999778e-02 9.188281249999999956e-01
3.908984374999999734e-01 7.032226562500000222e-01 6.547656250000000178e-01 3.585937499999999889e-02 9.688281250000000400e-01
2.008984374999999989e-01 8.282226562500000222e-01 8.347656249999999556e-01 5.585937500000000278e-02 1.068828125000000018e+00
1.771484375000000056e-01 7.188476562500000222e-01 7.222656250000000222e-01 6.835937500000000000e-02 1.031328124999999929e+00
3.671484375000000355e-01 8.438476562500000222e-01 9.022656250000000711e-01 4.835937500000000305e-02 9.313281250000000622e-01
4.621484375000000089e-01 6.563476562500000222e-01 8.122656249999999911e-01 5.835937500000000500e-02 8.813281250000000178e-01
2.721484375000000067e-01 7.813476562500000222e-01 6.322656250000000533e-01 3.835937500000000111e-02 9.813281249999999956e-01
2.246484374999999922e-01 6.875976562500000222e-01 8.572656250000000311e-01 6.335937499999999556e-02 9.063281250000000400e-01
4.146484375000000222e-01 8.125976562500000222e-01 6.772656249999999822e-01 4.335937500000000555e-02 1.006328125000000018e+00
3.196484374999999933e-01 7.500976562500000222e-01 5.872656250000000133e-01 5.335937500000000056e-02 1.056328125000000062e+00
1.296484374999999911e-01 8.750976562500000222e-01 7.672656250000000622e-01 3.335937499999999667e-02 9.563281249999999734e-01
1.266796874999999989e-01 7.247070312500000222e-01 5.900781250000000089e-01 4.867187500000000333e-02 9.860156250000000622e-01
3.166796874999999734e-01 8.497070312500000222e-01 7.700781250000000577e-01 6.867187500000000722e-02 8.860156249999999734e-01
4.116796875000000022e-01 6.622070312500000222e-01 8.600781250000000266e-01 3.867187500000000139e-02 9.360156250000000178e-01
2.216796875000000000e-01 7.872070312500000222e-01 6.800781250000000888e-01 5.867187500000000527e-02 1.036015625000000107e+00
2.691796874999999867e-01 6.934570312500000222e-01 8.150781250000000977e-01 4.367187499999999889e-02 9.610156250000000400e-01
4.591796874999999889e-01 8.184570312500000222e-01 6.350781250000000488e-01 6.367187500000000278e-02 1.061015625000000018e+00
3.641796874999999600e-01 7.559570312500000222e-01 7.250781250000000178e-01 3.367187499999999695e-02 1.011015624999999973e+00
1.741796875000000133e-01 8.809570312500000222e-01 9.050781249999999556e-01 5.367187500000000777e-02 9.110156249999999956e-01
1.979296875000000067e-01 6.778320312500000222e-01 6.575781250000000133e-01 6.117187500000000056e-02 8.735156250000000178e-01
3.879296875000000089e-01 8.028320312500000222e-01 8.375781250000000622e-01 4.117187500000000361e-02 9.735156249999999956e-01
4.829296874999999822e-01 7.403320312500000222e-01 7.475781249999999822e-01 5.117187500000000555e-02 1.023515624999999929e+00
2.929296875000000355e-01 8.653320312500000222e-01 5.675781250000000444e-01 3.117187499999999820e-02 9.235156250000000622e-01
2.454296874999999933e-01 7.715820312500000222e-01 8.825781249999999911e-01 6.617187500000000500e-02 1.048515625000000062e+00
4.354296874999999956e-01 8.965820312500000222e-01 7.025781250000000533e-01 4.617187500000000111e-02 9.485156249999999734e-01
3.404296875000000222e-01 7.090820312500000222e-01 6.125781250000000844e-01 5.617187500000000305e-02 8.985156250000000400e-01
1.504296874999999922e-01 8.340820312500000222e-01 7.925781250000000222e-01 3.617187499999999917e-02 9.985156250000000178e-01
1.623046874999999889e-01 7.012695312500000222e-01 8.263281250000000799e-01 3.492187499999999806e-02 1.042265624999999973e+00
3.523046874999999911e-01 8.262695312500000222e-01 6.463281250000000311e-01 5.492187500000000888e-02 9.422656249999999956e-01
4.473046875000000200e-01 7.637695312500000222e-01 5.563281250000000622e-01 4.492187500000000000e-02 8.922656249999999512e-01
2.573046875000000178e-01 8.887695312500000222e-01 7.363281250000000000e-01 6.492187500000000389e-02 9.922656250000000400e-01
3.048046875000000044e-01 7.325195312500000222e-01 6.913281250000000711e-01 3.992187500000000250e-02 9.172656249999999734e-01
4.948046875000000067e-01 8.575195312500000222e-01 8.713281250000000089e-01 5.992187500000000638e-02 1.017265625000000062e+00
3.998046874999999778e-01 6.700195312500000222e-01 7.813281250000000400e-01 4.992187500000000444e-02 1.067265625000000107e+00
2.098046875000000033e-01 7.950195312500000222e-01 6.013281249999999911e-01 6.992187500000000833e-02 9.672656250000000178e-01
1.860546874999999822e-01 7.481445312500000222e-01 7.588281250000000755e-01 5.742187500000000416e-02 9.297656250000000400e-01
3.760546874999999845e-01 8.731445312500000222e-01 5.788281250000000266e-01 3.742187500000000028e-02 1.029765625000000018e+00
4.710546875000000133e-01 6.856445312500000222e-01 6.688281249999999956e-01 6.742187500000000611e-02 9.797656249999999734e-01
2.810546875000000111e-01 8.106445312500000222e-01 8.488281250000000444e-01 4.742187500000000222e-02 8.797656249999999956e-01
2.335546874999999967e-01 6.543945312500000222e-01 6.238281250000000666e-01 5.242187500000000666e-02 1.004765625000000107e+00
4.235546875000000266e-01 7.793945312500000222e-01 8.038281250000001155e-01 3.242187500000000278e-02 9.047656250000000178e-01
3.285546874999999978e-01 7.168945312500000222e-01 8.938281249999999734e-01 6.242187500000000860e-02 9.547656250000000622e-01
1.385546874999999956e-01 8.418945312500000222e-01 7.138281250000000355e-01 4.242187499999999778e-02 1.054765625000000151e+00
1.326171874999999833e-01 6.583007812500000222e-01 7.307031250000000089e-01 6.554687500000000444e-02 8.953906249999999956e-01
3.226171875000000133e-01 7.833007812500000222e-01 5.507031250000000711e-01 4.554687500000000056e-02 9.953906249999999734e-01
4.176171874999999867e-01 7.208007812500000222e-01 6.407031250000000400e-01 5.554687500000000250e-02 1.045390625000000018e+00
2.276171874999999845e-01 8.458007812500000222e-01 8.207031250000000888e-01 3.554687499999999861e-02 9.453906250000000400e-01
2.751171875000000266e-01 7.520507812500000222e-01 5.957031250000000000e-01 6.054687500000000000e-02 1.020390625000000107e+00
4.651171874999999734e-01 8.770507812500000222e-01 7.757031250000000488e-01 4.054687500000000305e-02 9.203906250000000178e-01
3.701171875000000000e-01 6.895507812500000222e-01 8.657031250000000178e-01 5.054687500000000500e-02 8.703906249999999734e-01
1.801171874999999978e-01 8.145507812500000222e-01 6.857031250000000799e-01 3.054687499999999764e-02 9.703906250000000622e-01
2.038671874999999911e-01 7.364257812500000222e-01 8.432031250000000533e-01 4.304687499999999833e-02 1.007890624999999929e+00
3.938671874999999933e-01 8.614257812500000222e-01 6.632031250000000044e-01 6.304687500000000222e-02 9.078906250000000622e-01
4.888671875000000222e-01 6.739257812500000222e-01 5.732031250000000355e-01 3.304687499999999639e-02 9.578906249999999956e-01
2.988671874999999645e-01 7.989257812500000222e-01 7.532031249999999734e-01 5.304687500000000722e-02 1.057890624999999973e+00
2.513671874999999778e-01 7.051757812500000222e-01 7.082031250000000444e-01 4.804687500000000278e-02 9.328906249999999734e-01
4.413671874999999800e-01 8.301757812500000222e-01 8.882031249999999822e-01 6.804687500000000666e-02 1.032890625000000062e+00
3.463671875000000067e-01 7.676757812500000222e-01 7.982031250000000133e-01 3.804687500000000083e-02 9.828906250000000178e-01
1.563671875000000044e-01 8.926757812500000222e-01 6.182031250000000755e-01 5.804687500000000472e-02 8.828906250000000400e-01
1.444921875000000078e-01 7.598632812500000222e-01 6.744531250000000977e-01 5.179687500000000611e-02 9.516406250000000178e-01
3.344921874999999822e-01 8.848632812500000222e-01 8.544531250000000355e-01 3.179687500000000222e-02 1.051640625000000107e+00
4.294921875000000111e-01 6.973632812500000222e-01 7.644531250000000666e-01 6.179687500000000805e-02 1.001640625000000062e+00
2.394921875000000089e-01 8.223632812500000222e-01 5.844531250000000178e-01 4.179687499999999722e-02 9.016406249999999734e-01
2.869921874999999956e-01 6.661132812500000222e-01 8.994531249999999645e-01 5.679687500000000361e-02 9.766406250000000400e-01
