# d_z
1.000000000000000000e+00
9.930096615766791368e-01
9.860057911157540378e-01
9.789921481187683350e-01
9.719725272514997405e-01
9.649502472803419550e-01
9.579290315948243428e-01
9.509120231382688360e-01
9.439026369815942674e-01
9.369037671734672390e-01
9.299184895344061452e-01
9.229497125310315297e-01
9.160001333375885624e-01
9.090724734822746012e-01
9.021692237282955551e-01
8.952927196089216499e-01
8.884454725903845329e-01
8.816294069900231234e-01
8.748467602602841842e-01
8.680995140844023350e-01
8.613894149472333117e-01
8.547182203266040501e-01
8.480877727472714289e-01
8.414994581556615172e-01
8.349546907294356224e-01
8.284548147330728085e-01
8.220011697408295959e-01
8.155950535967113613e-01
8.092372833738832316e-01
8.029289297160697725e-01
7.966710419783864516e-01
7.904642630037744810e-01
7.843093741649612705e-01
7.782071874211828888e-01
7.721581627461534536e-01
7.661628477931476944e-01
7.602218185029666619e-01
7.543353037386905102e-01
7.485037492145333315e-01
7.427274444120443020e-01
7.370066133010152454e-01
7.313413550693463883e-01
7.257319018842770530e-01
7.201782612788770743e-01
7.146805240184315178e-01
7.092385311534816772e-01
7.038524376436938734e-01
6.985220236242454250e-01
6.932471162734561432e-01
6.880276594549327163e-01
6.828634696064878051e-01
6.777542036385084678e-01
6.726996978838669650e-01
6.676997033220928301e-01
6.627538051019734588e-01
6.578617113160821761e-01
6.530231390792983204e-01
6.482376888468005527e-01
6.435050075216167675e-01
6.388246362808628342e-01
6.341961400262884352e-01
6.296191676404931936e-01
6.250932530163624268e-01
6.206179139823845281e-01
6.161926582222662097e-01
6.118171404135489544e-01
6.074907597764526157e-01
6.032130688724669509e-01
5.989835508962689792e-01
5.948017184305102178e-01
5.906670547768680946e-01
5.865790987621992691e-01
5.825372411175919751e-01
5.785410378114670404e-01
5.745899449567084538e-01
5.706834688270908673e-01
5.668211142159349514e-01
5.630023034522032566e-01
5.592265310508987008e-01
5.554932507970907762e-01
5.518020353551634782e-01
5.481522631928310574e-01
5.445435489377274951e-01
5.409752495451499721e-01
5.374469011528980600e-01
5.339579328434898020e-01
5.305079911243205659e-01
5.270964618520754819e-01
5.237228623741098099e-01
5.203867924323581917e-01
5.170876453865352884e-01
5.138249731186996794e-01
5.105982996696610821e-01
5.074071273932119208e-01
5.042510479214787900e-01
5.011295521822081156e-01
4.980421554129011996e-01
4.949884978611709396e-01
4.919680151284526182e-01
4.889803022319332282e-01
4.860249072336929599e-01
4.831013816531873339e-01
4.802093984539392291e-01
4.773483903287630836e-01
4.745180434922569579e-01
4.717178478566440014e-01
4.689475000124033732e-01
4.662064583819581221e-01
4.634944527825997640e-01
4.608109875183650228e-01
4.581557881734423798e-01
4.555283806475430852e-01
4.529283931139539421e-01
4.503555390541363335e-01
4.478093532344110672e-01
4.452894706335508435e-01
4.427955820822998545e-01
4.403273583824303672e-01
4.378843579694899901e-01
4.354663626256274345e-01
4.330729084011594177e-01
4.307037117301550366e-01
4.283584428097490515e-01
4.260368246238492307e-01
4.237384815903044166e-01
4.214631338795754578e-01
4.192104567104668611e-01
4.169801743987263110e-01
4.147719515452472638e-01
4.125854407849072203e-01
4.104204918868298302e-01
4.082767027585801900e-01
4.061537927665724856e-01
4.040515879115745834e-01
4.019697255829207116e-01
3.999079571042945536e-01
3.978659456737203004e-01
3.958435556792238574e-01
3.938405010568051257e-01
3.918564894654289477e-01
3.898912308812215732e-01
3.879445846305477064e-01
3.860162408655000155e-01
3.841059991460505363e-01
3.822135844773236202e-01
3.803387551384462828e-01
3.784813453792762461e-01
3.766410833015786941e-01
3.748177716646501900e-01
3.730111716057503135e-01
