# da
0.000000000000000000e+00
6.730311713949583918e+01
1.316839026875352374e+02
1.933016940285284875e+02
2.523040936435076276e+02
3.088280571645580608e+02
3.630008631152171574e+02
4.149409789639469182e+02
4.647588360874584055e+02
5.125575245228096719e+02
5.584334169291876151e+02
6.024767299391893403e+02
6.447720300198733412e+02
6.853986900567733755e+02
7.244313020954330113e+02
7.619400510048317301e+02
7.979910532488057697e+02
8.326466644512973971e+02
8.659657590074898508e+02
8.980039846158252885e+02
9.288139942773998428e+02
9.584456580224115214e+02
9.869462563723199082e+02
1.014360657326276169e+03
1.040731478466943372e+03
1.066099235610513233e+03
1.090502479275474343e+03
1.113977920111849244e+03
1.136560544315034122e+03
1.158283719944024142e+03
1.179179294971114587e+03
1.199277687807656775e+03
1.218607970976906472e+03
1.237197948539327399e+03
1.255074227817047131e+03
1.272262285911574963e+03
1.288786531461838649e+03
1.304670362047295612e+03
1.319936217602916486e+03
1.334605630178685260e+03
1.348699270345516652e+03
1.362236990521750613e+03
1.375237865469460985e+03
1.387720230187162542e+03
1.399701715703605714e+03
1.411199281178584897e+03
1.422229246915361500e+03
1.432807323992381043e+03
1.442948636476941147e+03
1.452667755938898836e+03
1.461978720824063203e+03
1.470895059094156750e+03
1.479429812920278437e+03
1.487595557471107895e+03
1.495404422377691844e+03
1.502868104528611639e+03
1.509997894187977636e+03
1.516804685986244976e+03
1.523298996762251136e+03
1.529490978202438555e+03
1.535390434739411148e+03
1.541006834789002141e+03
1.546349324318320214e+03
1.551426740633576173e+03
1.556247618520937976e+03
1.560820209965394042e+03
1.565152489289582491e+03
1.569252164833304732e+03
1.573126689247626928e+03
1.576783267049684127e+03
1.580228866393007138e+03
1.583470225850571069e+03
1.586513863135045767e+03
1.589366083018598829e+03
1.592032984928100404e+03
1.594520471599349094e+03
1.596834250613975428e+03
1.598979849280630788e+03
1.600962615653067360e+03
1.602787726081210394e+03
1.604460191166517234e+03
1.605984861487283752e+03
1.607366433104377620e+03
1.608609453415702546e+03
1.609718324021777107e+03
1.610697308968646894e+03
1.611550537246484737e+03
1.612282007889144325e+03
1.612895594351212139e+03
1.613395048724070648e+03
1.613784005797706186e+03
1.614065986974576163e+03
1.614244404041630787e+03
1.614322562806192309e+03
1.614303667892339035e+03
1.614190820962552834e+03
1.613987031704606125e+03
1.613695215830053485e+03
1.613318199391264898e+03
1.612858721706943925e+03
1.612319438184894807e+03
1.611702923045961825e+03
1.611011671952916913e+03
1.610248104547903495e+03
1.609414566901886246e+03
1.608513333879416905e+03
1.607546611421873195e+03
1.606516539163393873e+03
1.605425190916683050e+03
1.604274579192466717e+03
1.603066655545104368e+03
1.601803312901156232e+03
1.600486387413057628e+03
1.599117660250086374e+03
1.597698859328890194e+03
1.596231660985766212e+03
1.594717691592790061e+03
1.593158529119804371e+03
1.591555703637030319e+03
1.589910702710935084e+03
1.588224967044741788e+03
1.586499895602710467e+03
1.584736846010064482e+03
1.582937135828370629e+03
1.581102043788873061e+03
1.579232811178503653e+03
1.577330642220967547e+03
1.575396706351004696e+03
1.573432138521919114e+03
1.571438040442742249e+03
1.569415481588548346e+03
1.567365500177987997e+03
1.565289104119177182e+03
1.563187271925039113e+03
1.561060953599135019e+03
1.558911071493012741e+03
1.556738521136044483e+03
1.554544172595124564e+03
1.552328869027051041e+03
1.550093430768370808e+03
1.547838653840107099e+03
1.545565311209382799e+03
1.543274153472800208e+03
1.540965909518226908e+03
1.538641287165704171e+03
1.536300973788204146e+03
1.533945636912879991e+03
1.531575924803496491e+03
1.529192467024639427e+03
1.526795874988334845e+03
