# f_ap
0.000000000000000000e+00
2.024829554810184118e-02
4.059462555315206805e-02
6.104519784559145346e-02
8.160623305554828844e-02
1.022839542058216061e-01
1.230845765340197323e-01
1.440142975768704536e-01
1.650792875475990684e-01
1.862856800349683151e-01
2.076395630500917078e-01
2.291469704445297795e-01
2.508138737204680391e-01
2.726461742509949659e-01
2.946496959256834636e-01
3.168301782338463490e-01
3.391932697950405529e-01
3.617445223436239199e-01
3.844893851714908384e-01
4.074332000305191381e-01
4.305811964937811265e-01
4.539384877722328904e-01
4.775100669813956977e-01
5.013008038505095687e-01
5.253154418647701940e-01
5.495585958295575724e-01
5.740347498440731000e-01
5.987482556704342151e-01
6.237033314831601505e-01
6.489040609829679340e-01
6.743543928580278957e-01
7.000581405751614694e-01
7.260189824830175498e-01
7.522404622089003956e-01
7.787259893307830749e-01
8.054788403059383040e-01
8.325021596377347732e-01
8.597989612622870537e-01
8.873721301369513759e-01
9.152244240130111841e-01
9.433584753753565533e-01
9.717767935324428397e-01
1.000481766840435549e+00
1.029475665045994637e+00
1.058760627008936028e+00
1.088338721506380669e+00
1.118211863372416515e+00
1.148381874361247945e+00
1.178850467218549358e+00
1.209619255193145948e+00
1.240689750793273705e+00
1.272063368097779090e+00
1.303741427965555699e+00
1.335725159293460695e+00
1.368015703546052064e+00
1.400614112349473972e+00
1.433521358035009019e+00
1.466738331287463337e+00
1.500265845743573356e+00
1.534104638337478121e+00
1.568255375465758217e+00
1.602718653291468121e+00
1.637495000890290653e+00
1.672584884303863539e+00
1.707988702939630565e+00
1.743706801022990138e+00
1.779739463984273851e+00
1.816086922245726543e+00
1.852749354014910477e+00
1.889726885303422366e+00
1.927019595285996312e+00
1.964627516231647109e+00
2.002550636043347154e+00
2.040788900207331835e+00
2.079342213682849216e+00
2.118210444549169402e+00
2.157393418559695686e+00
2.196890931611648057e+00
2.236702744279464472e+00
2.276828585184533793e+00
2.317268152540376658e+00
2.358021115643470722e+00
2.399087116310858470e+00
2.440465771112897642e+00
2.482156669338629218e+00
2.524159379304731221e+00
2.566473446262108382e+00
2.609098394412626920e+00
2.652033728052340500e+00
2.695278932670053251e+00
2.738833476002549450e+00
2.782696809047704445e+00
2.826868367036832641e+00
2.871347570367485780e+00
2.916133827830348135e+00
2.961226528185279872e+00
3.006625054833845567e+00
3.052328777419864636e+00
3.098337054868054885e+00
3.144649236105515833e+00
3.191264660752131110e+00
3.238182659780986405e+00
3.285402556149863873e+00
3.332923665404940117e+00
3.380745296257638977e+00
3.428866751135731583e+00
3.477287326709563864e+00
3.526006315296913218e+00
3.575023001748723672e+00
3.624336669273034328e+00
3.673946596309396462e+00
3.723852057831211315e+00
3.774052325742031755e+00
3.824546669253141129e+00
3.875334355243093665e+00
3.926414648600025536e+00
3.977786812547390305e+00
4.029450108953831489e+00
4.081403796044995147e+00
4.133647138739130256e+00
4.186179394225364447e+00
4.238999821755863096e+00
4.292107680561331406e+00
4.345502230078646555e+00
4.399182730166695698e+00
4.453148441855861783e+00
4.507398625370649725e+00
4.561932543557810860e+00
4.616749459905117092e+00
4.671848639242364598e+00
4.727229347896640732e+00
4.782890853838973833e+00
4.838832426822774480e+00
4.895053338514387953e+00
4.951552862616145134e+00
5.008330274982199626e+00
5.065384853727564973e+00
5.122715881164149110e+00
5.180322636587455953e+00
5.238204407293724607e+00
5.296360481404643217e+00
5.354790149755165984e+00
5.413492705967439811e+00
5.472467446519717171e+00
5.531713670810561645e+00
5.591230681218577914e+00
5.651017783157790575e+00
5.711074285128986183e+00
5.771399498767111780e+00
5.831992738884974159e+00
