# f_z
3.460885998730566793e-01
3.563522375863477087e-01
3.665967291775241721e-01
3.768147041509827821e-01
3.869990067551278834e-01
3.971427206740342220e-01
4.072391506124904970e-01
4.172818680282307513e-01
4.272646961286275524e-01
4.371817173635770271e-01
4.470272660849946567e-01
4.567959776603552347e-01
4.664827389528876656e-01
4.760827210294301670e-01
4.855913702275781452e-01
4.950044369463236227e-01
5.043179117862384153e-01
5.135280812690491414e-01
5.226315076127405757e-01
5.316250248689667890e-01
5.405057411932149281e-01
5.492710090873687001e-01
5.579184537357205764e-01
5.664459564993952201e-01
5.748516309139053426e-01
5.831338392343623500e-01
5.912911738428198172e-01
5.993224472457279184e-01
6.072266906692966870e-01
6.150031430007807387e-01
6.226512370656589468e-01
6.301706069500884189e-01
6.375610512616770587e-01
6.448225430841616479e-01
6.519552563482607921e-01
6.589594514820810156e-01
6.658355807068248033e-01
6.725842417923008076e-01
6.792061198278629419e-01
6.857020561504560963e-01
6.920729809267127663e-01
6.983199325592264195e-01
7.044440598038772539e-01
7.104465719999449869e-01
7.163287625568008909e-01
7.220920496699521074e-01
7.277378524502313706e-01
7.332676731142943050e-01
7.386830658802935323e-01
7.439856474975603540e-01
7.491770428409337823e-01
7.542589534087209557e-01
7.592330917914965616e-01
7.641011753801016937e-01
7.688649747330508211e-01
7.735262808911780308e-01
7.780868484239628069e-01
7.825485291862080972e-01
7.869130835157139847e-01
7.911823482348768755e-01
7.953581120305047714e-01
7.994421950157689638e-01
8.034363705961468094e-01
8.073424492036742617e-01
8.111622032949008521e-01
8.148973956031242416e-01
8.185497762777083075e-01
8.221210979592715740e-01
8.256130466423247105e-01
8.290273429838096453e-01
8.323656353124384566e-01
8.356296194604804217e-01
8.388208941342305547e-01
8.419410882536877416e-01
8.449917714837695826e-01
8.479745086191848857e-01
8.508908335161119441e-01
8.537422624031959506e-01
8.565302485028604140e-01
8.592562869885216337e-01
8.619217787236320705e-01
8.645281367658043115e-01
8.670767199323365926e-01
8.695688987006470194e-01
8.720059834991030767e-01
8.743892525232175306e-01
8.767199961930326468e-01
8.789994579797806296e-01
8.812288077349686999e-01
8.834092897350307449e-01
8.855420137772403999e-01
8.876281603615953086e-01
8.896687989926602702e-01
8.916650442178301050e-01
8.936179389326879274e-01
8.955285376543554721e-01
8.973978291389699269e-01
8.992268097405525795e-01
9.010164580049446759e-01
9.027676726086456549e-01
9.044814216632810489e-01
9.061585849721507380e-01
9.078000255945501973e-01
9.094066151268194176e-01
9.109791714860143719e-01
9.125185271206410764e-01
9.140254481944491971e-01
9.155007387730058621e-01
9.169451311929168735e-01
9.183593701793765218e-01
9.197441738481313411e-01
9.211002200720290745e-01
9.224282186054113541e-01
9.237288195694164372e-01
9.250026751942876935e-01
9.262504196651508703e-01
9.274726618548025936e-01
9.286700151265353531e-01
9.298430602585779914e-01
9.309923607034966686e-01
9.321184641820078332e-01
9.332219239807295619e-01
9.343032811573277474e-01
9.353630236791667940e-01
9.364016809429757116e-01
9.374197263287284976e-01
9.384176306861002903e-01
9.393958777796135307e-01
9.403549007218759970e-01
9.412951546035775996e-01
9.422170639938828307e-01
9.431210474232787355e-01
9.440075230942263085e-01
9.448768771427983326e-01
9.457295018560618605e-01
9.465657780836342905e-01
9.473860786622185781e-01
9.481907517818634057e-01
9.489801719908151911e-01
9.497546394524408742e-01
9.505145437895762273e-01
9.512601539161003039e-01
9.519918073641360223e-01
9.527098601929080424e-01
9.534145374552931429e-01
9.541061733883274831e-01
9.547850609743291361e-01
9.554514683419078613e-01
9.561056612143173927e-01
9.567479111450566398e-01
