# fsigma_8
3.621879618751620566e-01
3.703327772456349032e-01
3.783030482310670850e-01
3.860926889083624580e-01
3.936961668161650940e-01
4.011085145023601806e-01
4.083252935641579207e-01
4.153426187537531122e-01
4.221571263030304277e-01
4.287659739497433065e-01
4.351668127816835097e-01
4.413577857485416756e-01
4.473375222462724898e-01
4.531050866479255368e-01
4.586599969573289526e-01
4.640021969747267772e-01
4.691320201947865587e-01
4.740501760185903968e-01
4.787577509194778091e-01
4.832561693493840904e-01
4.875471767310117777e-01
4.916328066461709834e-01
4.955153886128110807e-01
4.991974970387113575e-01
5.026819538164870593e-01
5.059717974370522287e-01
5.090702592457106990e-01
5.119807556501762003e-01
5.147068589102450353e-01
5.172522902647248566e-01
5.196208852704117254e-01
5.218166041822008827e-01
5.238434816541444050e-01
5.257056339353267660e-01
5.274072516219436846e-01
5.289525548445689340e-01
5.303457996231024651e-01
5.315912912185849493e-01
5.326933093461324598e-01
5.336561596994402468e-01
5.344841282044435760e-01
5.351814791914379921e-01
5.357524561728548296e-01
5.362012604844310637e-01
5.365320713165833144e-01
5.367489707892867390e-01
5.368560342770433147e-01
5.368572489663139269e-01
5.367565534471698818e-01
5.365578126190874153e-01
5.362648048781727406e-01
5.358812570998309210e-01
5.354107959925267224e-01
5.348569731035567321e-01
5.342232570962902605e-01
5.335130443284269441e-01
5.327296173938826929e-01
5.318762137869699202e-01
5.309559407676381904e-01
5.299718511554654121e-01
5.289268880730335631e-01
5.278239297054467816e-01
5.266657480071389452e-01
5.254550391619894345e-01
5.241944187676352840e-01
5.228864035083736761e-01
5.215334462387952730e-01
5.201379076045918870e-01
5.187020729363298610e-01
5.172281400508608185e-01
5.157182337290598939e-01
5.141744200127420505e-01
5.125986628292331648e-01
5.109928759611331861e-01
5.093588864328724153e-01
5.076984727702025246e-01
5.060133233859832602e-01
5.043050806051870838e-01
5.025753078339278979e-01
5.008255239015958482e-01
4.990571707858216244e-01
4.972716479931676425e-01
4.954702831900344995e-01
4.936543661625286683e-01
4.918251181003316930e-01
4.899837175323992211e-01
4.881312961947471551e-01
4.862689395729857811e-01
4.843976602326185987e-01
4.825184712056699854e-01
4.806323031293767700e-01
4.787400731897458184e-01
4.768426291288083707e-01
4.749408140260881761e-01
4.730354087171810828e-01
4.711271692213305773e-01
4.692168053045112086e-01
4.673050089084838099e-01
4.653924359245059095e-01
4.634796949052811255e-01
4.615673922441770327e-01
4.596560910607002115e-01
4.577463187810858480e-01
4.558385914736402533e-01
4.539333915335349023e-01
4.520311825124901373e-01
4.501323962262674949e-01
4.482374520303040732e-01
4.463467426465244081e-01
4.444606393398454203e-01
4.425794982549711154e-01
4.407036434299281269e-01
4.388333996253038216e-01
4.369690635133169909e-01
4.351109147055387538e-01
4.332592164448399452e-01
4.314142229430310005e-01
4.295761654164819698e-01
4.277452737390509130e-01
4.259217445633419197e-01
4.241057764276251474e-01
4.222975502634994660e-01
4.204972444800085252e-01
4.187050067450164836e-01
4.169209970488921280e-01
4.151453459002106272e-01
4.133781807849981615e-01
4.116196246691907756e-01
4.098697850179953694e-01
4.081287626816174074e-01
4.063966507980881215e-01
4.046735367720215026e-01
4.029594963142310582e-01
4.012545979993492051e-01
3.995589029170810158e-01
3.978724743852773416e-01
3.961953625040231519e-01
3.945276048450607753e-01
3.928692507984359872e-01
3.912203227850148957e-01
3.895808600409264577e-01
3.879508755158863620e-01
3.863303964195992646e-01
3.847194383828533848e-01
3.831180028894219380e-01
3.815261002683040803e-01
3.799437406943350082e-01
3.783709127200232114e-01
3.768076156907506080e-01
3.752538376462869474e-01
