# h
8.799999999915679894e+01
8.840729538853567249e+01
8.882906471788618319e+01
8.926542494990361831e+01
8.971648369660211131e+01
9.018233927084911272e+01
9.066308075782337994e+01
9.115878810581355651e+01
9.166953223567287523e+01
9.219537516815256595e+01
9.273637016825263402e+01
9.329256190565379825e+01
9.386398663022960420e+01
9.445067236158324420e+01
9.505263909150910706e+01
9.566989899824430665e+01
9.630245667135281451e+01
9.695030934606887740e+01
9.761344714592327421e+01
9.829185333247941969e+01
9.898550456101999373e+01
9.969437114104445641e+01
1.004184173004673397e+02
1.011576014524404741e+02
1.019118764637638179e+02
1.026811899238929868e+02
1.034654844136042300e+02
1.042646977724273825e+02
1.050787633640159129e+02
1.059076103386790919e+02
1.067511638923623707e+02
1.076093455214207637e+02
1.084820732725914638e+02
1.093692619876304946e+02
1.102708235421391407e+02
1.111866670781616051e+02
1.121166992301930634e+02
1.130608243442906939e+02
1.140189446900325407e+02
1.149909606651177825e+02
1.159767709924496728e+02
1.169762729095856741e+02
1.179893623504808033e+02
1.190159341194877527e+02
1.200558803624296758e+02
1.211090974663961504e+02
1.221754761577317367e+02
1.232549083081596137e+02
1.243472854146958326e+02
1.254524987282020021e+02
1.265704393747668064e+02
1.277009984700826379e+02
1.288440672269976801e+02
1.299995370564357984e+02
1.311672996618845843e+02
1.323472471276615465e+02
1.335392720011728898e+02
1.347432673693843128e+02
1.359591269297262386e+02
1.371867450556565586e+02
1.384260168571049121e+02
1.396768382360225189e+02
1.409391059372580344e+02
1.422127175949784146e+02
1.434975717748505133e+02
1.447935680121946405e+02
1.461006068463178735e+02
1.474185898512269262e+02
1.487474196629194694e+02
1.500870000034429950e+02
1.514372357019063031e+02
1.527980327126226143e+02
1.541692981305554326e+02
1.555509402042335978e+02
1.569428683462947163e+02
1.583449931418092831e+02
1.597572263545318094e+02
1.611794809312189045e+02
1.626116710041476381e+02
1.640537118919613420e+02
1.655055200989638422e+02
1.669670133129774285e+02
1.684381104018737574e+02
1.699187314088808023e+02
1.714087975467645890e+02
1.729082311909782277e+02
1.744169558718656958e+02
1.759348962660031077e+02
1.774619781867555730e+02
1.789981285741228589e+02
1.805432754839429492e+02
1.820973480765178749e+02
1.836602766047230659e+02
1.852319924016571520e+02
1.868124278678851624e+02
1.884015164583250623e+02
1.899991926688246053e+02
1.916053920224713352e+02
1.932200510556766062e+02
1.948431073040708839e+02
1.964744992882456245e+02
1.981141664993743632e+02
1.997620493847416299e+02
2.014180893332104176e+02
2.030822286606504576e+02
2.047544105953539031e+02
2.064345792634580903e+02
2.081226796743971761e+02
2.098186577063998755e+02
2.115224600920507783e+02
2.132340344039298259e+02
2.149533290403455226e+02
2.166802932111724544e+02
2.184148769238070713e+02
2.201570309692497176e+02
2.219067069083244235e+02
2.236638570580428791e+02
2.254284344781223979e+02
2.272003929576614212e+02
2.289796870019819153e+02
2.307662718196404228e+02
2.325601033096147034e+02
2.343611380486685789e+02
2.361693332788978523e+02
2.379846468954609975e+02
2.398070374344964648e+02
2.416364640612266044e+02
2.434728865582533217e+02
2.453162653140412317e+02
2.471665613115934264e+02
2.490237361173175259e+02
2.508877518700816154e+02
2.527585712704620278e+02
2.546361575701787956e+02
2.565204745617218691e+02
2.584114865681625588e+02
2.603091584331539252e+02
2.622134555111129544e+02
2.641243436575883834e+02
2.660417892198082086e+02
2.679657590274078416e+02
2.698962203833340823e+02
2.718331410549261022e+02
2.737764892651680384e+02
2.757262336841133674e+02
2.776823434204774230e+02
2.796447880133954413e+02
2.816135374243445995e+02
2.835885620292272620e+02
2.855698326106123091e+02
