# rs_dv
inf
2.153704461341490184e+00
1.080246948790124728e+00
7.224905518254375325e-01
5.436595354720682449e-01
4.363987247923037383e-01
3.649230385353226525e-01
3.138959939898814389e-01
2.756493332354723602e-01
2.459228985912209342e-01
2.221605828222503465e-01
2.027357610742359373e-01
1.865640068596462753e-01
1.728945545277291995e-01
1.611911349747973676e-01
1.510604770811863617e-01
1.422076211180596239e-01
1.344070038998635974e-01
1.274831822245569846e-01
1.212976436523384022e-01
1.157395740533350009e-01
1.107192630002831468e-01
1.061633076909875156e-01
1.020110680211083892e-01
9.821200788768805201e-02
9.472367457813678226e-02
9.151014445183806856e-02
8.854081402315806815e-02
8.578945009503463615e-02
8.323343641328181941e-02
8.085317098641608968e-02
7.863158004944950652e-02
7.655372315552043394e-02
7.460647006499755707e-02
7.277823465004620851e-02
7.105875441142418814e-02
6.943890673835330374e-02
6.791055495999646918e-02
6.646641870056028967e-02
6.509996417580667105e-02
6.380531094121846825e-02
6.257715228301273525e-02
6.141068697821892852e-02
6.030156057308631856e-02
5.924581437832236036e-02
5.823984266052673747e-02
5.728035268842721073e-02
5.636433249606744023e-02
5.548902156049905637e-02
5.465188496262519263e-02
5.385059098312176135e-02
5.308299121889194921e-02
5.234710291289561279e-02
5.164109339148430233e-02
5.096326614284139161e-02
5.031204858262879748e-02
4.968598081579661541e-02
4.908370588592739225e-02
4.850396086907142468e-02
4.794556896395119061e-02
4.740743224891135615e-02
4.688852527054677283e-02
4.638788919261175453e-02
4.590462648471801271e-02
4.543789624535826688e-02
4.498690968617855696e-02
4.455092629060131149e-02
4.412925018579477721e-02
4.372122685100875150e-02
4.332624015375528131e-02
4.294370955646567567e-02
4.257308764028993470e-02
4.221385779467724808e-02
4.186553210432872318e-02
4.152764940710666763e-02
4.119977348342519774e-02
4.088149150419616989e-02
4.057241237125067818e-02
4.027216540986403026e-02
3.998039904975813491e-02
3.969677962663977627e-02
3.942099027236019987e-02
3.915272988615026151e-02
3.889171217111086348e-02
3.863766478379934005e-02
3.839032845628517071e-02
3.814945626565733466e-02
3.791481291132940690e-02
3.768617404997451348e-02
3.746332567527279472e-02
3.724606353899555244e-02
3.703419261025608228e-02
3.682752657003088986e-02
3.662588733830444976e-02
3.642910461199030947e-02
3.623701552796047137e-02
3.604946415775616558e-02
3.586630122065505299e-02
3.568738372195690706e-02
3.551257463148585480e-02
3.534174258142699920e-02
3.517476158216048532e-02
3.501151075486075293e-02
3.485187407972355905e-02
3.469574015877117251e-02
3.454300199226524593e-02
3.439355676783050625e-02
3.424730565561500545e-02
3.410415364378122788e-02
3.396400932595274730e-02
3.382678475684487013e-02
3.369239528779365694e-02
3.356075941668399537e-02
3.343179864590169192e-02
3.330543734781694215e-02
3.318160263734040716e-02
3.306022425112526558e-02
3.294123443301708032e-02
3.282456783922896998e-02
3.271016138103866044e-02
3.259795420630027390e-02
3.248788755461407690e-02
3.237990468158994523e-02
3.227395077480298829e-02
3.216997287386271637e-02
3.206791979174894447e-02
3.196774205289303061e-02
3.186939180856236675e-02
3.177282278167983809e-02
3.167799020165648627e-02
3.158485074476821697e-02
3.149336247730300659e-02
3.140348480133069164e-02
3.131517840295683364e-02
3.122840520293009708e-02
3.114312830948031199e-02
3.105931197327178872e-02
3.097692153697108666e-02
3.089592342368038466e-02
3.081628505325099271e-02
3.073797483424440050e-02
3.066096212055612058e-02
3.058521717698287415e-02
3.051071114626262987e-02
3.043741601751541112e-02
3.036530459601638823e-02
3.029435047423700497e-02
3.022452800409293483e-02
3.015581227034137834e-02
3.008817906507309237e-02
