# sigma_8
1.046518036156089959e+00
1.039232361087390588e+00
1.031932415435911077e+00
1.024622140949314364e+00
1.017305367569779850e+00
1.009985815229334172e+00
1.002667088736517220e+00
9.953526634559006769e-01
9.880458884811313958e-01
9.807500106258221217e-01
9.734681658074608723e-01
9.662033103030245318e-01
9.589583598535920128e-01
9.517360463496338241e-01
9.445390200043557449e-01
9.373697735663759634e-01
9.302307319071272396e-01
9.231241548604324221e-01
9.160522164198100503e-01
9.090169701256924917e-01
9.020203479332293828e-01
8.950641823660684393e-01
8.881502042008649900e-01
8.812800079353101390e-01
8.744551233460325923e-01
8.676769609209754597e-01
8.609468258036852006e-01
8.542659431547358073e-01
8.476354330586579611e-01
8.410563362991922975e-01
8.345295959246884498e-01
8.280560826340326308e-01
8.216365799283134042e-01
8.152717977583363584e-01
8.089623428700661867e-01
8.027088065204762701e-01
7.965116539132802709e-01
7.903713143828672294e-01
7.842881472875089521e-01
7.782624463683187610e-01
7.722944587270961225e-01
7.663843665898049107e-01
7.605322931135405362e-01
7.547383316594743485e-01
7.490025521263908859e-01
7.433248586999670060e-01
7.377052498636628153e-01
7.321436204683662297e-01
7.266398517035360660e-01
7.211937682182866238e-01
7.158051758294909916e-01
7.104738428069350409e-01
7.051994990486574189e-01
6.999818745698074274e-01
6.948206442643223291e-01
6.897154725160309363e-01
6.846660092931037278e-01
6.796718592520790692e-01
6.747326380640047416e-01
6.698479210738579326e-01
6.650172797291433735e-01
6.602402687726978137e-01
6.555164382418422475e-01
6.508453007522078115e-01
6.462263855963498171e-01
6.416591908744210260e-01
6.371432273922646994e-01
6.326779703084081108e-01
6.282629314614549543e-01
6.238975643303503738e-01
6.195813616638303767e-01
6.153137802184607263e-01
6.110942948772156713e-01
6.069223643913247423e-01
6.027974515520546639e-01
5.987190270576916440e-01
5.946865372788173731e-01
5.906994450358127313e-01
5.867572204395412605e-01
5.828593069209467847e-01
5.790051755332662475e-01
5.751942902095222854e-01
5.714261169746307489e-01
5.677001177251986830e-01
5.640157606795109801e-01
5.603725298755187767e-01
5.567698904032666318e-01
5.532073258504458524e-01
5.496843225968415236e-01
5.462003590095778627e-01
5.427549406484519778e-01
5.393475495355175564e-01
5.359776915507433737e-01
5.326448727646455605e-01
5.293486042616392107e-01
5.260883929565739470e-01
5.228637623903242826e-01
5.196742399654564748e-01
5.165193507730042599e-01
5.133986395037895001e-01
5.103116340359820091e-01
5.072578891638784837e-01
5.042369529360738456e-01
5.012483787684700598e-01
4.982917345882521554e-01
4.953665805984546200e-01
4.924724985671368183e-01
4.896090555110326759e-01
4.867758467356070318e-01
4.839724554158271741e-01
4.811984797938498315e-01
4.784535209376734044e-01
4.757371801664539990e-01
4.730490748540293056e-01
4.703888176476332950e-01
4.677560271459500485e-01
4.651503388577178377e-01
4.625713745672625499e-01
4.600187838365973336e-01
4.574922013769239793e-01
4.549912835379829601e-01
4.525156765093525935e-01
4.500650409352472403e-01
4.476390408272478139e-01
4.452373436889222047e-01
4.428596222591437703e-01
4.405055566600631356e-01
4.381748253378631164e-01
4.358671228313409918e-01
4.335821348761739746e-01
4.313195614134266997e-01
4.290791069477653541e-01
4.268604714011474677e-01
4.246633690652882875e-01
4.224875105756117910e-01
4.203326209307802763e-01
4.181984213484340462e-01
4.160846370876902234e-01
4.139910004381402442e-01
4.119172537136159273e-01
4.098631237011050032e-01
4.078283673701558754e-01
4.058127322432179551e-01
4.038159511700173399e-01
4.018378028008481317e-01
3.998780333989312430e-01
3.979364112658130281e-01
3.960126968841742867e-01
3.941066672612104638e-01
3.922180892949899689e-01
