# bin_4_4
1.881434636833788874e-08
1.914108561002328493e-08
1.951426087720645326e-08
1.993432161203730265e-08
2.041032735306802918e-08
2.095037658729552150e-08
2.155888217413984939e-08
2.224390919941935366e-08
2.300486276129752853e-08
2.385549585924343656e-08
2.478589998789271184e-08
2.579976018428022563e-08
2.690435201563295616e-08
2.810497874511463313e-08
2.938874724185904291e-08
3.076256896530596773e-08
3.221220045064461132e-08
3.371824468912702335e-08
3.525133222021577717e-08
3.676192996503155445e-08
3.819057106455145436e-08
3.950580963252509444e-08
4.071337812828997244e-08
4.181177992094298072e-08
4.268147386927982960e-08
4.319140816053697373e-08
4.336970653449629490e-08
4.320864854605371283e-08
4.262728637142181687e-08
4.156483599748029135e-08
4.005342743904856494e-08
3.812522971332824973e-08
3.574200159013584196e-08
3.304208780711420710e-08
3.005264669774783473e-08
2.691024038113214717e-08
2.371318765009852688e-08
2.059754559969162140e-08
1.765384401058540750e-08
1.497522720560655381e-08
1.260489886077223355e-08
1.054836545713799239e-08
8.782106105165323938e-09
7.265258031339024162e-09
5.958808721217765069e-09
4.839575050181466081e-09
3.899922452134839286e-09
3.135243339956325288e-09
2.528303396707689945e-09
2.047406483536561595e-09
1.661716824823269706e-09
1.352812265603512074e-09
1.107686654756050599e-09
9.117350154633161862e-10
7.536358458479387039e-10
6.251282448740620931e-10
5.195307852097344835e-10
4.318796123106387558e-10
3.584696475544282104e-10
2.965659291321771148e-10
2.441535076454080026e-10
1.997318281166555887e-10
1.621560061986731123e-10
1.305188126684784814e-10
1.040673378035913374e-10
8.214809762356423898e-11
6.417322092787428501e-11
4.960238099780004844e-11
3.793561211290957250e-11
2.871249016480885765e-11
2.151446952301078516e-11
1.596791387878609551e-11
1.174624031718734538e-11
8.570345879154176333e-12
6.207079754806152508e-12
4.465979763636766471e-12
3.194730548719760261e-12
2.273908919253018641e-12
1.611556448975651136e-12
1.138003585276264317e-12
8.011539909848221080e-13
5.625849501164245018e-13
3.942415013903481875e-13
2.758318449689193971e-13
1.927372333674968296e-13
1.345647642095750078e-13
9.390191141212241840e-14
6.553631225877872552e-14
4.577019601658144567e-14
3.201807086999120329e-14
2.246595345558040117e-14
1.584315293507289681e-14
1.126510128333327076e-14
8.110425352073922007e-15
5.950520490957021808e-15
4.483961565307857808e-15
3.500481909667228185e-15
2.853931851559112851e-15
2.441104721166330952e-15
2.188415258463504688e-15
