# bin_4_3
1.814099735792529530e-08
1.844210307173450930e-08
1.878490638314442724e-08
1.917423087589410008e-08
1.960942782965297026e-08
2.010520485189737066e-08
2.066277347639892253e-08
2.128846424703584628e-08
2.198709297673235250e-08
2.276534884284358264e-08
2.361554662910041138e-08
2.454759136402038096e-08
2.556442897322611994e-08
2.666641742649073315e-08
2.784640299917279896e-08
2.909833283985952467e-08
3.040242546733263071e-08
3.173594094542607565e-08
3.304948807535379507e-08
3.430981151416743203e-08
3.549704081772244712e-08
3.661937978157064476e-08
3.764760405318374972e-08
3.846093525043946399e-08
3.898469061072840548e-08
3.924732222606283399e-08
3.920909861184181730e-08
3.879417090266479846e-08
3.795645756474491328e-08
3.673234158621824852e-08
3.510248256003706222e-08
3.306564171672729898e-08
3.071477598178631222e-08
2.807274785728173959e-08
2.526327765882885532e-08
2.236413598903218854e-08
1.950504997029731502e-08
1.677730639428059235e-08
1.426840735966805136e-08
1.203419714490254868e-08
1.008966913672766963e-08
8.418425908366539595e-09
6.983497703189845241e-09
5.745847438805283330e-09
4.679978759740827834e-09
3.778188642769196273e-09
3.039354112059174071e-09
2.451290840632069530e-09
1.985784474605984015e-09
1.612858923525056959e-09
1.313722111225831602e-09
1.075957380740768142e-09
8.863261796499189887e-10
7.334338743149883815e-10
6.092702740047958346e-10
5.073339212007059432e-10
4.227379917566235692e-10
3.518452159604667214e-10
2.919772776517034039e-10
2.411692118972948673e-10
1.979717008137263016e-10
1.612928887203974950e-10
1.302796149101240142e-10
1.042323008243303627e-10
8.254780001406042748e-11
6.468368080052192043e-11
5.013863597033571533e-11
3.844433949279501721e-11
2.916455184416856573e-11
2.189793052410141051e-11
1.628203821414917452e-11
1.199674652000577807e-11
8.765977905620305101e-12
6.357368444838764477e-12
4.579948383913527391e-12
3.280271836258380461e-12
2.337586071944531834e-12
1.658643526290045220e-12
1.172624911891803453e-12
8.264914697732616815e-13
5.810542954201889179e-13
4.076616091487161927e-13
2.855448992954838143e-13
1.997458654137255240e-13
1.396081485864976894e-13
9.751904092132999397e-14
6.811522602902935456e-14
4.760132485451153979e-14
3.330796068739943961e-14
2.336339548735245361e-14
1.645794171388095254e-14
1.167333091939020474e-14
8.369195963722272852e-15
6.097938983080736155e-15
4.548943233285168175e-15
3.504109323734959165e-15
2.811531867140281608e-15
2.364032043399984887e-15
2.085966795555343915e-15
1.922854909437049905e-15
