# bin_4_2
1.584639027331986383e-08
1.610096049896146352e-08
1.639037128295821402e-08
1.671355830360423749e-08
1.707740300693177758e-08
1.748768802049031988e-08
1.794650749547040397e-08
1.845917173217157215e-08
1.902256444827398373e-08
1.964641500199165501e-08
2.031796777191411464e-08
2.103717422279621192e-08
2.180772036884190562e-08
2.263070078955639134e-08
2.349063400745995897e-08
2.439081040373674766e-08
2.531466991455596443e-08
2.624181936748980974e-08
2.714316456601176053e-08
2.797114414166660689e-08
2.867102500526120335e-08
2.921849534636389490e-08
2.962968837498935829e-08
2.991688124017377114e-08
2.998102874936753174e-08
2.971603992235870918e-08
2.917640823846830612e-08
2.838557925203162102e-08
2.729825811476807755e-08
2.589133995422577627e-08
2.423096476581469564e-08
2.238058685520710049e-08
2.032685982622451620e-08
1.821488730317862361e-08
1.606562021634071586e-08
1.398452302507506472e-08
1.201904112726067990e-08
1.023335806227947521e-08
8.637449636195684111e-09
7.245431806814391668e-09
6.040842936495617761e-09
5.000904430528194582e-09
4.107696844788905678e-09
3.348974798744622877e-09
2.716071623588716356e-09
2.198730648898368839e-09
1.781645657572625719e-09
1.447006597662514874e-09
1.178962266312478057e-09
9.648519178981842160e-10
7.936313833061768266e-10
6.558004361804023719e-10
5.441574390531487708e-10
4.529625261257665855e-10
3.776500843881543015e-10
3.148410179960851882e-10
2.620004174773722404e-10
2.172539886345927268e-10
1.792219714164074602e-10
1.468756404259961846e-10
1.194294330493735033e-10
9.625876984663518247e-11
7.684203881007128960e-11
6.072214098825327251e-11
4.748324869729943474e-11
3.673893723937343624e-11
2.812810486398642261e-11
2.131552296332271889e-11
1.599471869666430167e-11
1.189111970439710690e-11
8.764317086301985892e-12
6.408779073695425458e-12
4.652889306107363226e-12
3.356546401510571358e-12
2.407749697684191091e-12
1.718664537705842627e-12
1.221587143319199869e-12
8.651271251141739735e-13
6.108061337156171848e-13
4.301626320286203154e-13
3.023044877851053371e-13
2.120852487004200610e-13
1.485920720936315104e-13
1.040218474592041340e-13
7.277382133823443961e-14
5.091585626584035112e-14
3.563775307510410277e-14
2.498647191014339162e-14
1.756518961113000955e-14
1.240572848277005037e-14
8.828304530314136514e-15
6.355988934241187161e-15
4.658150617090313429e-15
3.500003715715213835e-15
2.720957384643055448e-15
2.205952104590369280e-15
1.873970024764834208e-15
1.668190899025479528e-15
1.547450887801716191e-15
1.481690933502581914e-15
