6.264308581046270018e-06
5.586038492423103803e-06
4.979728508751794698e-06
3.147806174232781501e-06
3.108581501351845097e-06
2.507402812658164455e-06
1.941157449161496000e-06
1.810429906665622335e-06
1.458186317172988576e-06
1.127970011033662355e-06
8.495061625121930831e-07
7.474804698154840680e-07
6.043075638713801585e-07
4.804195134324682786e-07
4.067731191988552454e-07
3.304238532894786092e-07
2.719405757338161477e-07
2.136598006205890232e-07
1.411659916254246193e-07
1.031971476670084009e-07
8.576927256178851615e-06
9.646946999422156816e-06
7.906803738246657743e-06
6.635106381508212537e-06
4.884708621960065938e-06
3.791111697896731315e-06
3.144770293918076214e-06
2.714687908818499583e-06
2.185015352551407902e-06
1.877506860360813933e-06
1.472043727562124904e-06
1.250376375337882379e-06
9.520258369745653695e-07
7.846089939331880392e-07
6.687675003535656435e-07
5.483289320062189466e-07
4.293668857102395771e-07
3.219855428913273326e-07
2.328651407846066382e-07
1.595732563153750604e-07
1.255948254709019301e-05
1.258611307665798628e-05
1.080367436994570560e-05
8.393326355892520056e-06
6.404255222137918371e-06
4.855650035833557567e-06
3.974570321685043237e-06
3.768749108942279117e-06
2.827157067760648312e-06
2.480254549515948920e-06
1.995477604150776804e-06
1.636890124989335238e-06
1.359645034234852763e-06
1.090751855499017340e-06
8.470635564692114110e-07
6.859821710351018852e-07
5.221045943448788731e-07
3.824715609959375846e-07
2.883697260268017034e-07
1.973575303007054861e-07
1.314705730054864737e-05
1.415874564866680642e-05
1.171355611655063962e-05
9.423080607816375538e-06
6.941568925554978943e-06
5.093650446544011209e-06
4.598005454549369844e-06
4.090592898587291698e-06
3.152121845312372841e-06
2.607369564935502085e-06
2.200610325379601016e-06
1.814827448850383399e-06
1.433640591794843745e-06
1.197641184506094433e-06
9.206117542390916653e-07
7.337077867963286410e-07
5.698219944365798228e-07
4.341869973316129864e-07
3.208818709714776043e-07
2.152591833836104594e-07
1.687139193924721973e-05
1.727571320111179857e-05
1.404803197146834489e-05
1.138865546323529032e-05
8.303624064168517677e-06
6.230016584015420745e-06
5.613270260448835361e-06
5.065579687847641908e-06
3.877451938998647263e-06
3.086796851883744141e-06
2.608704239942025923e-06
2.146458336120109448e-06
1.810950481961922112e-06
1.476385122697748884e-06
1.173862882637629174e-06
8.810743953775434384e-07
7.012303221647764327e-07
5.051288223023570786e-07
3.256573833017696243e-07
2.285280755692105353e-07
2.243431151483923233e-05
2.494747658737783206e-05
2.035890115265379419e-05
1.576546484907024947e-05
1.239535378036038837e-05
9.159427974018256066e-06
7.836488457528338717e-06
7.271609822745465463e-06
5.584646910457831456e-06
4.572163060085490476e-06
3.838699267986799495e-06
3.274124654384923945e-06
2.600874753603181219e-06
2.082825142439490380e-06
1.646422939405541285e-06
1.314821762132226134e-06
9.621646177785388460e-07
6.962285788043232280e-07
4.763396886154717904e-07
3.165671397591037074e-07
2.689311873648478433e-05
2.800918644762088439e-05
2.330411977863315772e-05
1.872770860049546528e-05
1.408933842304905854e-05
1.024139812586055559e-05
8.962119904478090297e-06
8.363555050088706432e-06
6.270990437729056197e-06
5.250071690753392122e-06
4.281162936452853458e-06
3.543520749270632770e-06
2.946416106140269131e-06
2.390347120788951523e-06
1.876420739614360511e-06
1.410311227308856838e-06
1.067814033571784664e-06
7.759738972668389175e-07
5.236456723572117179e-07
3.554646478367746937e-07
3.737316989787376051e-05
3.868591659405451493e-05
3.271877454246278091e-05
2.561794035011711842e-05
1.920145029661859070e-05
1.451581783084097464e-05
1.222633250743045666e-05
1.144367289633580299e-05
8.798261153925522525e-06
7.500557106234295099e-06
6.079206557811267964e-06
5.172907993041709320e-06
4.055998155182913357e-06
3.296809210279009356e-06
2.576121399284690746e-06
1.911907616929509769e-06
1.453335189384577503e-06
9.678301257336190291e-07
6.659688001064613097e-07
4.150293073328424491e-07
4.370154127471501137e-05
4.639810983038168571e-05
3.803048222720209904e-05
2.956621249124725192e-05
2.267968145889526487e-05
1.681700602924688707e-05
1.461709115073292116e-05
1.370514385373057526e-05
1.061704500345452554e-05
8.934624806565500755e-06
7.280808341438369517e-06
6.147256541195055808e-06
4.915073689024864990e-06
3.871529919414769075e-06
2.969910044436178078e-06
2.205517715895978629e-06
1.617192836483670221e-06
1.107026707845139352e-06
7.790360336846397137e-07
4.848593717054566940e-07
5.406796299724385998e-05
5.764903726744680183e-05
4.788332633019073644e-05
3.605965139910428171e-05
2.802251722150350804e-05
2.115891439263881243e-05
1.808052449591730912e-05
1.737217968497512961e-05
1.303290349574287654e-05
1.096550990678479934e-05
9.107398149180502927e-06
7.497481623744917769e-06
5.966962416745043231e-06
4.780859665159892661e-06
3.575087404062373732e-06
2.555810631739218226e-06
1.847088337788848356e-06
1.312380064323099682e-06
8.185919337516857809e-07
5.218345002470790077e-07
-4.723128325644991403e-08
-3.382978640840130547e-07
2.394043490014768942e-07
1.003535536668327370e-06
4.715186909144366418e-07
5.826109003762896052e-07
8.732507735956014996e-07
1.044542964477972129e-06
6.259628858514975103e-07
6.660474801551403602e-07
5.289373040652431738e-07
4.778468235211239154e-07
3.787316212640748110e-07
3.132733045604911970e-07
2.794069710796367233e-07
2.526780984580927747e-07
1.971524481768863946e-07
1.750960650188751689e-07
1.302414790008483815e-07
9.595107213577606594e-08
3.296023762178765970e-07
4.083331585155200526e-07
-2.620182048338513242e-07
2.069757629770906445e-07
4.677362515027764013e-07
1.089678104047341629e-06
1.536086706386834919e-06
1.460534862783986244e-06
1.153059247483742949e-06
1.081012252422153260e-06
8.675273638238843870e-07
7.299665500519958552e-07
6.264416344329113276e-07
5.290551864248279004e-07
4.305340071275793693e-07
3.602900507312615179e-07
3.098983584328318922e-07
2.545217731111939902e-07
2.007552322122774096e-07
1.676900922450624119e-07
9.583060384881392482e-07
2.657533384664082560e-07
1.869266159868810216e-07
3.650983291208923873e-07
9.472804457112093306e-07
1.390378928118627245e-06
2.228639810161757381e-06
2.039042918335660440e-06
1.474266747962800101e-06
1.374477898052065218e-06
1.090137077817240976e-06
1.005486449451294941e-06
8.020068373047079603e-07
6.769428975213372373e-07
5.826426314816595643e-07
4.821800815249046992e-07
3.953465150548912429e-07
3.440841811421058910e-07
2.900883736088079482e-07
2.408345123327635924e-07
-1.091385927984074543e-06
1.192378188511103788e-07
4.234838339588680955e-07
2.885022770622585864e-07
7.940892783545440766e-07
1.432516143856474668e-06
2.301782572481061372e-06
2.095328081735490338e-06
1.567826244036805234e-06
1.496591121835631116e-06
1.220760472325661297e-06
9.533962846366562417e-07
8.833887091096352859e-07
7.561350238702478355e-07
6.120232276770712370e-07
5.347090413829851170e-07
4.685317946590737655e-07
3.677567200975994431e-07
3.150625592414096660e-07
2.684188943069463458e-07
9.673305667280478556e-07
2.015465963462477873e-07
-2.873204948374944033e-07
4.587016154649732637e-07
1.537052343014876749e-06
1.871273632453646117e-06
2.645496854850249702e-06
2.783306757109965994e-06
1.849025507963450732e-06
1.775979646999714750e-06
1.559900145517764647e-06
1.324929440629388334e-06
1.139146764508000434e-06
8.690935040890875512e-07
7.547263371737994970e-07
5.831453257776344387e-07
5.038799697963896179e-07
4.301639109009381017e-07
3.848325303802914341e-07
3.288680105672044300e-07
1.458031525928508160e-06
2.119756942542393414e-07
4.823574116660399178e-07
9.767269434400184887e-07
1.855865445547535440e-06
3.353048115628479458e-06
4.385384042784069497e-06
4.086747419037099558e-06
2.719759936492692519e-06
2.728871166437986388e-06
2.226396885072874911e-06
1.856439324945763374e-06
1.481945373019150888e-06
1.247659676417768911e-06
1.082994126076596260e-06
9.299542274767426145e-07
7.799093945837002762e-07
6.741018682859288168e-07
5.718916577878998797e-07
4.912132287341094521e-07
-6.982284566408258834e-07
8.765777014693315362e-08
-1.452857315393333515e-07
9.755923517529264432e-07
2.179490518462337016e-06
3.328111917863375899e-06
4.937310726766997953e-06
4.475015401727593465e-06
3.120808685802733441e-06
3.155519261628954993e-06
2.456424581064044178e-06
2.129108021820590120e-06
1.778692048990063320e-06
1.502257727456824000e-06
1.224680665345437779e-06
1.039070613933048455e-06
9.063758180442179430e-07
7.672407857613818975e-07
6.572250891535365694e-07
5.644539607328760078e-07
-1.633771720839636063e-06
1.405342673296782416e-07
7.087498485128779945e-07
9.364055783939791166e-07
3.462163413093987007e-06
5.269336203028100984e-06
6.957551002252647928e-06
6.627659250254659049e-06
4.093860690350287313e-06
4.116684471974420780e-06
3.317642519074583348e-06
2.862806889456535341e-06
2.416441747279726902e-06
2.006571629090069123e-06
1.695745115135830827e-06
1.469920093003869289e-06
1.267292187115875226e-06
1.103449096088954871e-06
9.519573453649039242e-07
8.071813966247486723e-07
-4.678739143861124817e-07
-1.043433638966923084e-07
7.644781792267066600e-07
1.942373166404227513e-06
4.134605809696405483e-06
6.222532400184347336e-06
8.619903386361912239e-06
7.429062221070550025e-06
4.987128921849034758e-06
4.992601869648445400e-06
3.852732237187112461e-06
3.510183657412096121e-06
2.793939460269145609e-06
2.388664995046262680e-06
2.089484893680415857e-06
1.777627110386868761e-06
1.559489565983823905e-06
1.290485209298140134e-06
1.142140448716552199e-06
9.811388476359504402e-07
2.720253056665025887e-07
1.804276403017947446e-06
1.359723817553812354e-06
2.386490948033833595e-06
5.195104063889911926e-06
7.660527573001355819e-06
1.031915385744919008e-05
9.231778737898522084e-06
6.038531318698196736e-06
6.024925571826579027e-06
4.815530864354655275e-06
4.312702428072986432e-06
3.515532941198713938e-06
2.937313035592088081e-06
2.612922107602725611e-06
2.261626508854339554e-06
1.962509904954286996e-06
1.679170593235269437e-06
1.443671617459446445e-06
1.196777860628662632e-06
-2.534255176627468763e-09
-2.790306196676172076e-10
-5.165920394149169787e-11
-7.070027252461958442e-12
-1.204098912844354744e-09
-2.808702188982332477e-10
-5.722859059717224405e-11
-6.674890448133079513e-12
3.857746533361476608e-10
-2.990069531242594614e-10
-7.564254517560334735e-11
-9.400839966102109172e-12
-1.659709406493540756e-09
-3.936792929443591308e-10
-8.450072175341162610e-11
-9.243706272415726076e-12
-1.097347049861289055e-10
-3.981872128617275685e-10
-8.822757260603089927e-11
-9.859452663674086632e-12
-1.145995615538924693e-09
-4.490249710583054001e-10
-9.561365025370092760e-11
-1.129140969102061041e-11
-2.307298768007717488e-09
-5.170701074872909564e-10
-1.035637905090134281e-10
-1.215417262397802845e-11
-3.035457361010179027e-09
-5.863204683722792874e-10
-1.142137767106094425e-10
-1.437571561927024506e-11
-1.920810052193746391e-09
-6.129416070307990965e-10
-1.253125860314156070e-10
-1.471688357373044602e-11
-2.575726458701268645e-09
-6.364425389997450476e-10
-1.242884200047628127e-10
-1.543282818423960779e-11
1.951118619103829871e-09
-5.335633066671593687e-10
-1.149712688785013922e-10
-1.366536955224402842e-11
-1.682924575496053829e-09
-7.810211647265818351e-10
-1.568920450117904241e-10
-1.822530542215877172e-11
-1.913023388890732685e-09
-7.339762073116321494e-10
-1.494951185057316738e-10
-1.950408672653966431e-11
-3.907886489406481071e-09
-9.599858890024946314e-10
-1.918541323787720214e-10
-2.266292782064500575e-11
-1.575931255030861553e-09
-9.860694570149818212e-10
-2.056468312515123511e-10
-2.469125459928400213e-11
-1.672841813822049421e-09
-1.043124404815880856e-09
-2.097440058054959914e-10
-2.423515416385731187e-11
-4.717874306401751445e-11
-1.181565916002782977e-09
-2.441809826408216691e-10
-3.287584310296126294e-11
-6.486390142949775465e-09
-1.460983357515066857e-09
-2.903394547490798321e-10
-3.557665100257964074e-11
-3.191834244859559123e-09
-1.572930344892495112e-09
-3.293116193923957245e-10
-4.115354917582288234e-11
-8.315773713644915433e-09
-1.747876544078963734e-09
-3.462833686562283305e-10
-5.167450407057389621e-11
