5.759867584996858514e-06
6.119498915025269540e-06
5.236697354709394028e-06
3.922705864709002824e-06
3.316235852605147591e-06
2.528828661029491073e-06
1.774750635374583282e-06
1.781836433426596660e-06
1.295927581243910705e-06
1.038886839531987224e-06
9.675901610636867653e-07
7.115429035762007002e-07
5.878343179571412812e-07
5.288201596778159750e-07
4.140688551298671745e-07
3.491133871804132913e-07
2.702731627363988303e-07
2.057731145102977410e-07
1.499004645472703178e-07
1.089059699709677270e-07
9.184844725270296747e-06
9.390203471855664949e-06
8.110246714357267192e-06
5.753231851008117810e-06
4.955063473569529026e-06
3.632700133629519886e-06
3.189614574306893649e-06
2.857891630467001147e-06
2.076102052235127605e-06
1.764854822259076091e-06
1.459502001499654908e-06
1.166698974291027255e-06
9.830362276102672986e-07
8.123621786416517725e-07
6.743303068201887547e-07
5.191899565934888065e-07
4.254952512062524400e-07
3.174204784277800996e-07
2.370152435172132365e-07
1.659739112746513026e-07
1.194565838494314541e-05
1.242402976123685226e-05
1.027078306621104606e-05
8.375825958156218136e-06
6.584961542028619648e-06
4.703090306030478900e-06
4.145809484913957304e-06
3.677292795771639970e-06
2.862788872954802443e-06
2.388692170366191263e-06
2.014924372713215159e-06
1.716772153084509233e-06
1.295295252452056025e-06
1.095720957453202276e-06
9.199194622401590946e-07
6.860791237239020523e-07
5.614707010373243608e-07
4.036729679114764087e-07
2.914524246251527570e-07
2.043100254032749463e-07
1.395434573314684602e-05
1.366895357256681883e-05
1.197782198349106791e-05
8.947132868907315933e-06
6.991745149037206447e-06
5.192486561754480730e-06
4.630659002739116418e-06
3.901755929315530118e-06
3.160492899079318528e-06
2.657273438204275073e-06
2.157555968459148016e-06
1.774724604240664531e-06
1.514753874441677554e-06
1.213972920887055640e-06
9.799662874614783039e-07
7.886580178935102033e-07
5.784596481618567730e-07
4.428714594338705445e-07
3.129249520915876501e-07
2.144978067285100130e-07
1.331431953213563440e-05
1.630257639351298074e-05
1.427376821322097758e-05
1.088398347947962669e-05
8.369587640838935670e-06
5.503624728329196009e-06
5.467427723851297157e-06
4.899899434119536407e-06
3.574573353888555613e-06
3.117516048381395633e-06
2.497788838692462135e-06
2.237889542353519964e-06
1.732332104573916395e-06
1.429146595702252298e-06
1.152659671668919200e-06
8.987025546833695794e-07
6.942601311839441859e-07
5.114381624094613735e-07
3.700940488109603226e-07
2.575794721285931520e-07
2.334424674056956759e-05
2.448003276868969795e-05
1.961009250524825000e-05
1.564073811691088717e-05
1.226510951513186397e-05
9.015834414555573824e-06
7.707237127796703289e-06
7.083456042185589601e-06
5.515008243084040142e-06
4.462193350746874734e-06
3.690281353151264062e-06
3.153504731667037464e-06
2.547189856506239393e-06
2.075461954147786204e-06
1.646523991224379161e-06
1.250872963160462588e-06
9.595628347724071817e-07
6.963451075117368051e-07
4.888786799340510176e-07
3.383739079497975419e-07
2.458496912108380479e-05
2.773563584403497065e-05
2.322354590899528972e-05
1.774446129442820109e-05
1.363563614020956417e-05
9.741170523306004966e-06
9.025705245243418749e-06
7.877361294212957370e-06
6.235460667002787158e-06
5.181097233471865810e-06
4.274831400996386568e-06
3.672580136105757296e-06
2.829479133793039448e-06
2.320808443648643541e-06
1.826119093128470852e-06
1.400359987653268635e-06
1.042122274276418039e-06
7.566732673872071402e-07
5.315296865589875564e-07
3.459883065194269002e-07
3.638076278352202902e-05
3.860702250581971576e-05
3.239093899382353251e-05
2.509006998248174605e-05
1.896578592745230124e-05
1.392582517522913098e-05
1.201313055711563186e-05
1.130143305066580956e-05
8.761949164201904660e-06
7.316730846344529861e-06
6.033121789814213854e-06
5.045347668840495880e-06
4.092474717891051419e-06
3.287595755966012738e-06
2.513567469405564886e-06
1.912911795386226742e-06
1.439680521753597294e-06
1.015167974166652369e-06
6.625899689196077317e-07
4.337882477908160743e-07
4.249318402300855690e-05
4.573379390683303283e-05
3.801118252120681324e-05
2.843426664754930897e-05
2.247106699250518358e-05
1.617473441342327223e-05
1.464404635836559946e-05
1.372099797781300274e-05
1.025172391818328965e-05
8.718647417327857869e-06
7.203183624464685466e-06
6.041229190186767455e-06
4.779114945235937655e-06
3.822694956771170736e-06
2.960373971888508535e-06
2.186564344476121238e-06
1.569455962272548828e-06
1.124380424002341957e-06
7.580277520480758599e-07
4.812482756355568129e-07
5.227870620335644365e-05
5.706175372763550268e-05
4.767580133867851207e-05
3.575416116138929788e-05
2.714144478318452635e-05
2.044043539756108772e-05
1.762584992945126616e-05
1.648575637156233926e-05
1.303548933969243878e-05
1.098282138833207015e-05
8.926515315777773361e-06
7.217966094918740433e-06
5.914515372891282946e-06
4.541253146367116905e-06
3.500135959344910816e-06
2.556247804017428932e-06
1.819376072845862052e-06
1.246651468424152160e-06
8.309532143340421317e-07
5.051212258374987009e-07
-3.201102333995436915e-09
-2.065133328950473318e-07
-4.315045468472224634e-07
-4.398009963782586238e-07
5.132934128705070375e-07
6.438366800856228025e-07
1.054801731520379007e-06
1.033479797821037948e-06
6.999724976451170669e-07
6.861487153438059985e-07
4.870872713747863006e-07
5.043544678496388352e-07
4.401954361093557639e-07
3.132510720147562140e-07
2.625827038778784171e-07
2.261265769687642022e-07
1.738644450750445786e-07
1.495435564517921371e-07
1.216495216142461020e-07
1.167852857202951906e-07
5.694231813607440507e-07
6.720477164758748251e-09
4.565729033562082714e-08
4.497403890938437173e-07
8.092354184504976104e-07
1.192676106257399726e-06
1.387131046006796582e-06
1.565247915896403663e-06
9.965814198401079830e-07
1.076533513800493255e-06
8.611343140220476996e-07
7.179931523298770719e-07
5.697709771946323917e-07
5.091546114391390704e-07
4.339888879914980391e-07
3.436701570154401335e-07
2.753983791424621940e-07
2.326492279878029778e-07
2.154748407865321805e-07
1.760891476136256997e-07
9.763859840824034551e-07
1.036451705535001055e-07
1.555924916426074107e-07
2.676953847736902495e-07
1.014161855791978323e-06
1.420323703685746110e-06
2.107198768729438622e-06
1.983789678143641119e-06
1.444138172698941994e-06
1.324808689101021462e-06
1.044135251241223293e-06
9.985338262008200145e-07
7.809205089878240875e-07
6.384701860331250883e-07
5.703991967289774332e-07
4.810502149055239256e-07
3.904555750154729685e-07
3.488269086071224996e-07
2.895065420482282089e-07
2.405246965300321113e-07
-5.270113261499167829e-07
1.300789870923737493e-07
2.093178239424490533e-07
4.372757664788909902e-07
7.868159408798897161e-07
1.657257229211026359e-06
2.305233184052901084e-06
2.246887365245080349e-06
1.592758100433313117e-06
1.487082958195855123e-06
1.183351521791138067e-06
1.068896587583687072e-06
8.029718515743118839e-07
7.050115313406088156e-07
5.965604445197094648e-07
4.967914184758951372e-07
4.636888695244611670e-07
3.774344098296162208e-07
3.147353035493674969e-07
2.669260909557971919e-07
-5.046924289778797064e-07
3.945822970322256840e-07
2.761756790727381845e-07
8.629441049962329648e-07
1.157117988719073091e-06
2.391669520320352394e-06
2.663029399055881921e-06
2.627320935044473942e-06
1.929153876361909297e-06
1.848163507680755526e-06
1.517984431117038219e-06
1.331663536855261412e-06
9.949545451402679895e-07
8.270204863426074293e-07
7.470285214906466088e-07
6.318051034290096030e-07
5.371124452607664499e-07
4.521084408363686921e-07
3.947580837438902782e-07
3.207398781037683979e-07
6.675843815084360363e-07
5.185840208940043651e-07
5.815706518488752619e-07
1.465308016805321273e-06
1.850234300586815955e-06
3.017910511236735177e-06
4.414915040920496324e-06
3.864927641586101740e-06
2.704910308559235132e-06
2.710598594633031470e-06
2.124003514360220404e-06
1.829310156071665972e-06
1.517975637344080182e-06
1.202488312826067487e-06
1.067838214196086954e-06
8.620512051457410153e-07
7.651545224999364062e-07
6.656219460934699986e-07
5.541227137862608043e-07
4.783128760784079902e-07
1.311892611406868701e-07
5.440096573537546006e-08
8.594521863170616625e-07
5.061172751009382660e-07
2.333404602365406984e-06
3.770557363753519212e-06
4.974812451808814563e-06
4.386090232498885846e-06
3.163175716967452290e-06
3.013351372412642709e-06
2.319061780445572590e-06
2.101338295882210018e-06
1.636386394307711505e-06
1.431479293553177876e-06
1.202062252337930751e-06
1.021509309433748924e-06
8.884683634293826585e-07
7.668088106348233411e-07
6.545873897656993004e-07
5.579773997642564000e-07
1.027712489251470541e-06
7.803421369873017398e-07
1.042541960489383376e-06
1.802330143420980095e-06
3.156821094459938538e-06
5.091932570115889030e-06
6.739743706222477408e-06
6.438534619523455102e-06
4.454013578215624903e-06
4.029968877969401286e-06
3.302197302567691721e-06
2.854208075492633824e-06
2.335525246221858909e-06
1.981337850972872677e-06
1.688534009596536959e-06
1.413686615163273387e-06
1.294351297246780177e-06
1.077864193259207866e-06
9.580630080988426536e-07
7.903961401777109640e-07
1.087492559656392907e-06
2.448644473034451809e-07
1.079461018870158475e-06
2.032246856261415894e-06
4.003963339233268013e-06
6.137286271030897591e-06
8.341361527939645170e-06
7.393756393650865139e-06
4.825842712251605589e-06
4.857866796036034416e-06
3.824215568336431631e-06
3.408358020882994604e-06
2.790695157316953300e-06
2.366572998958932370e-06
2.059793784139508932e-06
1.728866994067344622e-06
1.539793907853830265e-06
1.274458082014311703e-06
1.118093209463159279e-06
9.619354135285903615e-07
1.882298557872599280e-06
5.669955162754425892e-07
5.727321122884533170e-07
2.378137950025423231e-06
5.045567759487609828e-06
7.000630001968952571e-06
1.036018405658443760e-05
8.939031232360563386e-06
6.074382534084349429e-06
5.993584892033465772e-06
4.661786110580706096e-06
4.096125216144444994e-06
3.456094865606114058e-06
2.986573735401528806e-06
2.483645037332249975e-06
2.216304297602188422e-06
1.935846431437308007e-06
1.672438337121795835e-06
1.387843611082737108e-06
1.177843600831790537e-06
3.432501507302988668e-10
-1.724006579115927188e-10
-3.906170339392373135e-11
-4.894589148272927622e-12
-5.791039382620825425e-10
-2.292176180047012222e-10
-5.300009251535314064e-11
-6.784031597609557726e-12
-8.729560024659939641e-10
-3.220336268493784028e-10
-6.760063177487175299e-11
-7.958593362499191642e-12
-1.714368298183422475e-09
-3.566504159695450050e-10
-7.359771220641014638e-11
-8.848420675781141994e-12
-5.381034815052925520e-10
-4.067181525456050605e-10
-8.231480042768417447e-11
-8.960143965821347549e-12
-1.607556757132765164e-09
-4.762724362088532668e-10
-1.018556852141368671e-10
-1.274961394743459757e-11
-1.513031021971351818e-09
-4.837287981036896591e-10
-9.812017054087548966e-11
-1.151709025859951656e-11
-3.387946271011587916e-09
-6.127853934607205575e-10
-1.168793244128549802e-10
-1.428302132638861311e-11
-2.133979307771840266e-09
-6.236211217815203801e-10
-1.277200051424211878e-10
-1.529695009917869227e-11
-2.064225727465688401e-09
-5.905446260403235865e-10
-1.217015591396305743e-10
-1.464855721753590257e-11
6.528124433200834192e-10
-5.408608211710350069e-10
-1.268661538137443232e-10
-1.688776743120920761e-11
-2.492165843899193094e-09
-7.539648081642390725e-10
-1.441642601850533310e-10
-1.831780091530186378e-11
-2.924971808696121074e-09
-7.376124828692501631e-10
-1.580203079987545609e-10
-1.969130746151539353e-11
-1.814016207448092988e-09
-9.029811052103984335e-10
-1.930308216608301002e-10
-2.358172939315563052e-11
-3.105449293745347467e-09
-9.732170057770680179e-10
-2.019185097688276970e-10
-2.565274974878122609e-11
-2.782428577573846340e-09
-1.029323925602593351e-09
-2.186271197249219310e-10
-2.696942085905051437e-11
-2.075019099784305478e-09
-1.208436013291176322e-09
-2.450483924067529852e-10
-3.059608545687753195e-11
-3.710832494048103448e-09
-1.390975014360925130e-09
-2.828784049037578847e-10
-3.490845396597380740e-11
-9.074583138055739097e-09
-1.617302821869428947e-09
-3.184417965804697723e-10
-4.225508954747053539e-11
-6.173112380581023088e-09
-1.769481780682916636e-09
-3.810338412190266880e-10
-5.045372549297890344e-11
