6.960242504683083684e-06
6.955987418700509664e-06
6.493899411547934890e-06
5.293686240749251341e-06
3.618146034631954390e-06
3.332764783975185994e-06
2.567969401074312407e-06
2.075291149887941498e-06
1.679486956820275900e-06
1.412469390664914675e-06
1.201333924272619743e-06
1.005008544762072773e-06
8.050804673745880456e-07
6.213574041171233282e-07
5.049616092587376520e-07
4.313291477299886784e-07
3.523135875715310853e-07
2.621741489738417566e-07
1.974872235566684003e-07
1.401120763170293596e-07
1.231150563265504349e-05
1.217890184599989127e-05
1.001169849838738338e-05
8.398909826778600338e-06
6.336671861251527417e-06
5.001289686749774869e-06
3.933124287262122171e-06
3.575464057059069393e-06
2.676040463938306053e-06
2.254219733093485606e-06
1.816561542209833927e-06
1.561894748080632491e-06
1.316273238654987192e-06
1.078578432932665904e-06
8.489296783883907739e-07
6.857644789054681214e-07
5.308601739757502138e-07
4.078118227321055999e-07
2.920304728948735468e-07
2.058297270261494421e-07
1.569938808987429330e-05
1.585071728143164378e-05
1.343379006591231874e-05
1.079266592642741058e-05
7.970753296109829654e-06
6.366119982964377272e-06
5.195095560406503413e-06
4.661095299248605158e-06
3.589922692409466181e-06
2.995775864219422066e-06
2.518922919777095508e-06
2.048263458567588039e-06
1.682908701961509582e-06
1.390081807953874514e-06
1.161521641072909272e-06
8.830968298834502800e-07
6.819029368928430775e-07
5.106255082435351257e-07
3.731214338354268014e-07
2.571407107331063472e-07
1.865552498403913752e-05
1.712419929560351603e-05
1.479307618551330725e-05
1.198945120880616125e-05
9.250148109757517327e-06
7.025339104517874958e-06
5.644081583306557838e-06
5.257729163951632714e-06
3.885961766997037556e-06
3.237320046594966518e-06
2.788107031265898703e-06
2.240721770495266919e-06
1.861293817663283961e-06
1.516361519283526556e-06
1.221082479659969869e-06
9.443130115477346828e-07
7.023930915151555596e-07
5.218656769466940351e-07
3.888216584735892393e-07
2.735914489222485350e-07
2.368201147917514210e-05
2.108790061648019298e-05
1.833333163924154624e-05
1.445342066341963078e-05
1.104285697666780794e-05
7.962808693862320517e-06
6.967744262969121792e-06
6.184116777378437365e-06
4.912343671883381760e-06
3.968639983764176487e-06
3.406411847256868244e-06
2.805544568808072358e-06
2.324815018017138668e-06
1.845255085770989458e-06
1.484315166973157934e-06
1.162259587636144524e-06
8.853861194089469439e-07
6.289856036383424594e-07
4.545039973212946255e-07
3.125112962014900005e-07
3.254466458154680258e-05
3.035848731850365501e-05
2.593888995658598284e-05
2.101726367700914349e-05
1.533836811872090481e-05
1.158847474223596406e-05
9.806172974261882924e-06
9.104966440526571041e-06
6.998080280472682929e-06
5.818053723115719299e-06
4.866543139548673862e-06
4.074179025795936884e-06
3.300219494019039142e-06
2.648376108126592534e-06
2.099892499477446642e-06
1.625971418777713521e-06
1.214926648385024230e-06
8.933153024906463884e-07
6.200524132906912934e-07
4.193614156918778613e-07
3.629097453685639803e-05
3.464041126396345707e-05
2.946735683873438058e-05
2.346799243121437111e-05
1.703118746778483622e-05
1.348089196601444259e-05
1.094279178668399957e-05
1.024320130517847281e-05
7.954756234091763214e-06
6.558391352151608455e-06
5.520797357734622554e-06
4.694524044363435670e-06
3.723206488156451661e-06
2.981026195388101782e-06
2.367825290335102389e-06
1.797557380088642986e-06
1.343617691390161003e-06
9.829663928330361594e-07
6.762955573567328664e-07
4.451936044012801404e-07
5.241533782820007156e-05
4.879732801290944392e-05
4.118747513449243675e-05
3.307769576574676954e-05
2.425038795500987002e-05
1.794784422775462499e-05
1.542564973939714777e-05
1.451419995570610343e-05
1.110102841731983726e-05
9.417814587176879471e-06
7.797903822644788597e-06
6.486096375139152813e-06
5.198937584792402144e-06
4.184888888323238656e-06
3.237730294751217351e-06
2.466093797673673081e-06
1.800738876250961214e-06
1.271659957547715799e-06
8.525857815473915300e-07
5.398233869020954091e-07
6.011150934918001512e-05
5.726897159576427321e-05
4.896315761522082062e-05
3.895985586417705305e-05
2.830608397924382641e-05
2.158558613601318000e-05
1.842430279571552517e-05
1.709671106388116344e-05
1.346474028447296036e-05
1.116409585977925325e-05
9.356153538654394053e-06
7.683632483278149311e-06
6.122312552153432846e-06
4.872920934715367911e-06
3.772122949624843905e-06
2.819770151184358331e-06
2.047237726934705003e-06
1.423599865270756890e-06
9.498066760830654164e-07
6.106376307979783571e-07
7.199998841463330264e-05
7.138723823034041557e-05
6.075714914524295746e-05
4.782752621260858355e-05
3.485222318208922840e-05
2.655285460244782186e-05
2.324985232876492647e-05
2.182349476548694982e-05
1.695951667509065585e-05
1.431238080092871592e-05
1.157190243274915198e-05
9.649427778268540853e-06
7.596404737423731143e-06
5.892764368445429279e-06
4.510627913547292966e-06
3.370742395823776730e-06
2.363779616584903664e-06
1.634451962056579893e-06
1.085635396305921514e-06
6.430477836829465013e-07
-2.103643124506143121e-07
1.786161191746083223e-07
4.476872349294700904e-07
-1.638627078427911772e-07
1.831488805865491757e-07
9.156163642341977624e-07
1.293979415811946929e-06
9.122015966346368896e-07
9.498582210387198501e-07
7.282988736098100593e-07
7.112091791248880335e-07
5.642801260679903304e-07
5.226193946730640557e-07
3.747122111466035874e-07
3.085347235119290884e-07
2.540499158914193112e-07
2.323419316886250456e-07
2.079059455729418947e-07
1.697658779680745279e-07
1.383792935151283828e-07
4.823568421439299215e-07
1.271048118266634211e-07
4.163065913777983687e-07
2.142932722226151404e-07
6.899590001017072605e-07
1.569105831757807361e-06
1.923179489223106883e-06
1.917140666336050747e-06
1.375955279100961372e-06
1.313246456657386233e-06
1.067395184867676876e-06
9.450532747188015559e-07
7.847234479813032455e-07
6.426320204690242716e-07
5.484274239605118211e-07
4.406542846546206196e-07
3.806502879910431524e-07
3.286713282173532508e-07
2.817503503533326379e-07
2.266241639094631274e-07
5.626806674842610088e-07
4.622645188708680067e-08
-6.414667390531382038e-08
9.084380196079976167e-07
1.206613352727125017e-06
1.848313420062153296e-06
2.793979044581529684e-06
2.517555183022214282e-06
1.832638400526718753e-06
1.800501943443346696e-06
1.419341328414927456e-06
1.226518392711740865e-06
1.027010075658573295e-06
8.618987586391786883e-07
7.118954803337604459e-07
5.901979333739260798e-07
4.997618184959276794e-07
4.272098155654991960e-07
3.666076953433600799e-07
3.035783176598488357e-07
4.875427052569378117e-07
-5.118911956122562528e-08
3.535174613812962286e-07
3.484494371130842942e-07
1.156374654669149906e-06
1.940990572713738154e-06
2.966914966596856470e-06
2.916009377642349275e-06
2.032551879181765924e-06
1.981847267539888491e-06
1.573714281032731146e-06
1.400663920874388487e-06
1.055769919364733400e-06
8.974054668726045585e-07
8.027187188153941349e-07
6.503946178705436258e-07
5.584050036548742727e-07
4.810977000395568172e-07
4.096594341223590859e-07
3.425544107576688700e-07
2.112283543697923173e-06
-6.390866226581018670e-08
-9.641007415446515804e-08
1.225286309458773095e-06
2.073715114459695078e-06
2.307186295351757598e-06
3.597855252965870174e-06
3.529535020008508684e-06
2.477632583241266679e-06
2.322439871244405737e-06
1.871820951031595914e-06
1.753429399793900518e-06
1.343903458247779379e-06
1.125555239719647467e-06
9.592730163140239341e-07
7.942755423844401613e-07
6.736656987579810731e-07
5.881976675309416855e-07
4.942945061120291614e-07
4.135107759858259202e-07
5.013837395380103053e-07
1.517965081673117261e-08
4.535288696838017959e-07
1.040232964423501171e-06
2.313652420899859598e-06
4.100517974312370653e-06
5.334160130828100599e-06
5.085755385851082527e-06
3.698289668925980254e-06
3.364988437674973298e-06
2.704147706600515146e-06
2.291570718293560109e-06
1.931488844227333725e-06
1.598979113114319590e-06
1.328330757478364110e-06
1.159227840020033637e-06
9.959835369887401475e-07
8.499699156071223426e-07
7.299201501801752656e-07
6.204785080967969091e-07
5.060118205093028726e-08
5.402335201942544841e-07
7.609432766310557008e-07
1.083041266522003141e-06
2.835751075902698364e-06
4.424152507056689919e-06
6.064212884589541750e-06
5.773204628977356067e-06
4.149660063314453278e-06
3.818367840214215438e-06
3.044426373557234048e-06
2.657963614634098757e-06
2.147507184041998851e-06
1.857525308562723279e-06
1.554135248353058194e-06
1.344096779386764813e-06
1.139504269338163909e-06
9.849632687304556402e-07
8.441967068699643702e-07
7.179319502883190072e-07
6.296542136351792205e-07
2.158653046316489581e-07
7.487963124758530485e-07
2.282613266187201499e-06
3.757716781681428931e-06
6.345657470491298763e-06
8.831342631067443094e-06
8.019525344449009277e-06
5.724820134166301575e-06
5.262188991332286550e-06
4.206190689570650396e-06
3.704886565057706830e-06
3.030893622138511076e-06
2.487502188522928710e-06
2.194506566917188251e-06
1.843566268655372313e-06
1.604976881998352820e-06
1.409336459913953221e-06
1.219161815836468103e-06
1.023351235649227085e-06
1.581160869867382948e-06
5.331363219245255200e-07
6.109039427229593000e-07
2.320678734991772891e-06
4.772427511952652652e-06
7.383255133707997445e-06
1.043985881004289975e-05
9.431348582458374489e-06
6.519357289313769981e-06
6.209531724454033268e-06
4.847780485889933289e-06
4.305663027941047621e-06
3.518036805289544686e-06
3.038431248637049090e-06
2.592323429388772359e-06
2.231251052399302796e-06
1.936397643732703644e-06
1.670438118607125817e-06
1.440062927692859897e-06
1.235758446513532488e-06
6.301034884120155241e-07
8.744628380273584574e-07
2.099673379515273100e-06
1.383315094134216043e-06
5.670852811569915339e-06
9.380961177325094358e-06
1.307907383246400868e-05
1.189287762475899258e-05
7.907134389545655433e-06
7.592065873430959239e-06
6.006884121696612104e-06
5.318295046230463688e-06
4.477620504932850902e-06
3.818394395294547915e-06
3.335301240711698589e-06
2.825688925678327130e-06
2.483533349176002200e-06
2.093103277206768628e-06
1.839210727275408693e-06
1.521545873483988089e-06
-1.279047687168260591e-09
-2.674176471018211621e-10
-5.535488645763608853e-11
-7.622248727834919445e-12
8.165919194914755104e-11
-3.882951391837767438e-10
-8.211263129979553614e-11
-1.036098199198948125e-11
8.772288098222363104e-12
-4.611278249186099445e-10
-9.849912588129611371e-11
-1.257138136095956561e-11
-1.507119824784794497e-09
-4.628941227851631770e-10
-1.071666881284030180e-10
-1.424102149532007291e-11
-1.174087080757237576e-09
-5.608493875734065853e-10
-1.184621819957860866e-10
-1.554419242433644082e-11
-2.188553250486705274e-09
-7.018394034631453278e-10
-1.380210895429731484e-10
-1.707280590760489811e-11
-2.175127443006627700e-09
-7.504247473282566082e-10
-1.479505362448078919e-10
-1.869959011082260813e-11
-3.904870577853636377e-09
-8.633439104239646857e-10
-1.719279858312233943e-10
-1.998187723465646334e-11
-3.365913965857804694e-09
-8.827498645476748886e-10
-1.814571699515815717e-10
-2.258907152005958550e-11
-3.263390009042303606e-09
-9.419951443170538753e-10
-1.897536203042348190e-10
-2.474909671114243682e-11
-2.069212519869729589e-09
-9.017725546677896735e-10
-1.751634415473954639e-10
-2.079047390145836364e-11
-3.764161833224386879e-09
-1.112908196506247050e-09
-2.089103196778343572e-10
-2.494494920212071397e-11
-3.971831318438935247e-09
-1.166477783092137329e-09
-2.268051499248577450e-10
-2.731307221074640752e-11
-5.194049135397949398e-09
-1.412701902676622332e-09
-2.733227802895003623e-10
-3.442122888652487008e-11
-6.243033140932284690e-09
-1.488470866497620794e-09
-2.982662790122355767e-10
-3.639398123614847846e-11
-7.416234783764134113e-09
-1.620859342514485630e-09
-3.233750207370503602e-10
-3.810436787463459126e-11
-5.440925295589245394e-09
-1.823771291157693611e-09
-3.634063689831101153e-10
-4.578401681955234077e-11
-8.652948839109390546e-09
-2.084888567668946990e-09
-4.103530896919840965e-10
-5.162697539217996936e-11
-8.189150410314321562e-09
-2.267005565782332125e-09
-4.626180776690201082e-10
-5.924072722227921815e-11
-7.437663030053038606e-09
-2.451313510495093248e-09
-5.239055597996743034e-10
-6.752209033921855669e-11
