4.480152806865953136e-06
5.603058893003377592e-06
5.427978703651269118e-06
3.660522776475720354e-06
3.072741029189127527e-06
2.250267093093946789e-06
1.939384324866830127e-06
1.631537538102015351e-06
1.166821660622132361e-06
1.129456103482977395e-06
9.154762621389507081e-07
8.047048202009592157e-07
6.403807816902340148e-07
5.549035566487599591e-07
4.319765573176468167e-07
3.482341540330692477e-07
2.528651289417132008e-07
2.174231502089828695e-07
1.517335438947891253e-07
1.024925921445724625e-07
8.543166251522674677e-06
9.212959414490134004e-06
7.994322620783664879e-06
6.265578222163296705e-06
4.821795794487017614e-06
3.630912776574893131e-06
3.058538380196828344e-06
2.866081553210960194e-06
2.103960756833397878e-06
1.764545975737585510e-06
1.493726592028021644e-06
1.213165743524974311e-06
1.016601892590769924e-06
8.307473276672688282e-07
6.774830043648421245e-07
5.161238139485960157e-07
4.305213337276682019e-07
3.029754582813919868e-07
2.340736914419562746e-07
1.613507935362322235e-07
1.215733511771597563e-05
1.261013353985870716e-05
1.047727962504378539e-05
8.099089578330991024e-06
6.228217798801657724e-06
4.643841609845367645e-06
4.047007464329426716e-06
3.814416796734806803e-06
2.782701785725574848e-06
2.357890379554276177e-06
1.936321104220043805e-06
1.685472759027558607e-06
1.273644242261967330e-06
1.092250022035908986e-06
8.947828191859630440e-07
7.187245452956511221e-07
5.255384114942804509e-07
3.974668420092607212e-07
2.847784653660728466e-07
1.995238906671796673e-07
1.321651810702213566e-05
1.437891374833467372e-05
1.168000158823449792e-05
9.213677359646387898e-06
7.090900983849421600e-06
5.154664203359090957e-06
4.684548581655770940e-06
4.076718870454057434e-06
3.092200749687786815e-06
2.571244629436822564e-06
2.178275179083926807e-06
1.808851143274663633e-06
1.528809194337714978e-06
1.203271242046487345e-06
9.715633919434697839e-07
7.343808318357103790e-07
5.593213004370731954e-07
4.183658958458484165e-07
3.012695371856017652e-07
2.068987451468208597e-07
1.464658243256707023e-05
1.728865078906179810e-05
1.423714279775178722e-05
1.096366927924863107e-05
8.459710420306676513e-06
6.348800906398040049e-06
5.255405564879058386e-06
4.737989161107397171e-06
3.790214531513978773e-06
3.315964011787819090e-06
2.583829669465736923e-06
2.103800699804091103e-06
1.813232211240087589e-06
1.466293286780566105e-06
1.198082285423463133e-06
9.034943395727369073e-07
7.137870612785352644e-07
5.122055083185111916e-07
3.502545313525359346e-07
2.322724544793136137e-07
2.485622958949804500e-05
2.439503842009323062e-05
2.022047285376230962e-05
1.603605257945397801e-05
1.226133947002483761e-05
8.843732147803641527e-06
7.816178508678260132e-06
7.272256147442178387e-06
5.365039856537520369e-06
4.595164192818786285e-06
3.830726120807030445e-06
3.222504601142900941e-06
2.588471487874555044e-06
2.078588604138506455e-06
1.636570527107980027e-06
1.280289095902340795e-06
9.530822876249989762e-07
7.059860958865065422e-07
4.746729594903038982e-07
3.140269544669169351e-07
2.762572801107922692e-05
2.767776098864365090e-05
2.318619688461990292e-05
1.829506689207691667e-05
1.382447589686254653e-05
9.983832641701284998e-06
8.756326129541534996e-06
8.129645940667551163e-06
6.281866361275868675e-06
5.356134015028598047e-06
4.366343359325797111e-06
3.679623705475101002e-06
2.917959900334753422e-06
2.375428241403405802e-06
1.819437733455424285e-06
1.407808587300651606e-06
1.070542099339580055e-06
7.415938176193784839e-07
5.314418963026510611e-07
3.432757706832240237e-07
3.862709743299275975e-05
3.832349374498407875e-05
3.192623911086517384e-05
2.509933160625054394e-05
1.891218521067676269e-05
1.419197269647171845e-05
1.251793521093154107e-05
1.145198709669525268e-05
8.728056429101878312e-06
7.390277484813932863e-06
6.194360752777132687e-06
5.156725297151556931e-06
4.105089089557894444e-06
3.261790527351694319e-06
2.587155306336493003e-06
1.952598896001879533e-06
1.428135984842790602e-06
1.012306424275007711e-06
6.778768855923666771e-07
4.324280556066408150e-07
4.347024599627401231e-05
4.592567923416502533e-05
3.875507556073431618e-05
2.976824186945439338e-05
2.198516851971858617e-05
1.628109005334352108e-05
1.471188257146514995e-05
1.366065413659751228e-05
1.045965841418458385e-05
8.846425654771149604e-06
7.277818295570146339e-06
6.043580946888804543e-06
4.803045906591864150e-06
3.877524436514528318e-06
2.991987432519365499e-06
2.212509756157579275e-06
1.610777272582348948e-06
1.124457587580587914e-06
7.367265331771585060e-07
4.865258867752707362e-07
5.339093627943377983e-05
5.784760592429082093e-05
4.773370906446467371e-05
3.625017601873739369e-05
2.850738327958246307e-05
2.071884814211731924e-05
1.817016353778218356e-05
1.729255006699087456e-05
1.331979682586969845e-05
1.097205997576285875e-05
8.880901630793668335e-06
7.518402125471234779e-06
5.834027656408279109e-06
4.675759204229438368e-06
3.535704893578795980e-06
2.561951373765305166e-06
1.847906032523817656e-06
1.235849963990754920e-06
8.440234219191162239e-07
5.091418617422902751e-07
8.503417549800180593e-07
4.198812804034508549e-07
7.018945706325302192e-07
-3.000049198131627890e-07
2.770579661530815125e-07
6.066420313011021539e-07
9.390458935096324727e-07
9.687253021546396529e-07
7.585856106982639207e-07
6.149419432848672718e-07
5.355205057342285396e-07
4.336235175794060456e-07
3.920977617529380174e-07
2.904461994143741686e-07
2.557611127350185234e-07
1.994836792144541988e-07
1.994322142879357916e-07
1.692110286179804562e-07
1.190581723277655879e-07
1.133448881796027262e-07
-8.136645777283398892e-07
1.551438547815074339e-07
1.048988509841435108e-07
1.655574573888234548e-07
6.275183479512339704e-07
9.855651850422734629e-07
1.435936776740846446e-06
1.508881353978693082e-06
1.124621348800957042e-06
1.124957449586564751e-06
9.416282648056536385e-07
7.717002373729900792e-07
5.923453276106806022e-07
4.993456733527001866e-07
4.161845199073692676e-07
3.446028451654484035e-07
2.857739731549726284e-07
2.638897720299923607e-07
2.180404763283550932e-07
1.895552437104848176e-07
1.641313847328733066e-07
-2.257299447258590400e-07
1.061431015055854780e-07
3.123641611004460162e-07
7.630173085912891776e-07
1.433256498198610022e-06
2.109375644652153358e-06
2.033801647501168278e-06
1.392138277269523998e-06
1.428764169367639536e-06
1.128937410536522605e-06
8.960523664464473362e-07
7.957999135752096663e-07
6.877006104516418715e-07
5.664297380166200302e-07
4.692277826097356361e-07
4.199144363851139096e-07
3.377568615241690516e-07
2.949577184463377343e-07
2.454328201491450918e-07
-7.801775196764842814e-07
-1.194592317641574193e-07
-1.618719172632192191e-07
9.143378187061876136e-07
9.057939253289452024e-07
1.720391625345262362e-06
2.214633571790983357e-06
2.237956524399315313e-06
1.509832182355538680e-06
1.561428387451481635e-06
1.224720468095997024e-06
1.123311481952419454e-06
8.921590873059675041e-07
7.338658328952046782e-07
6.214985696569627744e-07
5.495482438484611242e-07
4.433906411267575254e-07
3.822802750180710220e-07
3.222832888978595436e-07
2.843353944607907784e-07
-6.380155099683587762e-07
-3.797722046600462615e-07
4.507821318279755710e-07
1.041432576904894935e-06
1.122247521972795464e-06
2.054754403556679883e-06
3.183912120195091640e-06
2.619758482076320051e-06
2.070332351029466201e-06
1.751732889007803583e-06
1.527794256670794539e-06
1.281817782322564837e-06
1.050746479561839172e-06
8.888116660054570472e-07
7.179857058579126319e-07
6.015789920556963476e-07
5.057146697705640199e-07
4.410219512671242255e-07
3.670496176780715612e-07
3.528428422196194050e-07
6.100978490121931150e-08
9.326290290792406259e-09
4.436775783439318672e-07
9.631364011376771072e-07
2.056387166092887482e-06
3.000250883246172036e-06
4.177995625288136225e-06
4.069180207698009176e-06
2.652994479501766049e-06
2.710855041643723467e-06
2.164795254268591552e-06
1.794561295248202077e-06
1.511003767642554982e-06
1.325004876781276005e-06
1.063643385612138652e-06
9.226667881018903191e-07
7.833520116662472899e-07
6.765332666342830194e-07
5.723765073297762132e-07
4.988597673081469434e-07
-3.078274037339436465e-07
1.285699935173486596e-07
8.051017253820036405e-07
1.665104700552036628e-06
1.992870170485756890e-06
3.570213749716862127e-06
5.115509835419143007e-06
4.484650135885347298e-06
2.912492678243696437e-06
3.037786504752025619e-06
2.375977243236915885e-06
2.080310745497388044e-06
1.728515346328005066e-06
1.466222861691066929e-06
1.217736487193882784e-06
1.057577465531715338e-06
9.174647933346196052e-07
7.594920667144966534e-07
6.600223759769868492e-07
5.716478969943595628e-07
-1.052509556326447792e-06
-4.612145507341676862e-08
1.241899749275452533e-06
1.302229084403715855e-06
3.351464324512449199e-06
5.037378575050465521e-06
7.124361012252951516e-06
6.328335910245974206e-06
4.352275841143814079e-06
4.164024666623089055e-06
3.360133983486868981e-06
2.841101154875620680e-06
2.368683867707854744e-06
1.988664894855042530e-06
1.715181708224755360e-06
1.460924397041622296e-06
1.261662206132767377e-06
1.132569370077643302e-06
9.430047310168375554e-07
8.096635999831664326e-07
-4.470608404143242710e-07
5.723926204199211698e-07
4.247887641398358194e-07
1.905336490134538915e-06
3.843508730081748668e-06
5.730122790951334332e-06
8.350890151087922352e-06
7.378071347726063156e-06
4.764096883288008639e-06
4.704970126698194968e-06
3.840380617144829925e-06
3.330032863905996794e-06
2.820328486046886361e-06
2.388452147110578281e-06
2.058378418572319322e-06
1.769558577480166829e-06
1.528927912949582713e-06
1.316242035483822794e-06
1.141726712379388735e-06
9.638088865610818586e-07
1.198793894823714918e-06
6.764664313434728054e-07
2.859320221008498035e-07
9.814319039255184266e-07
4.684852516035346626e-06
7.379396236806596787e-06
9.943452134172137393e-06
8.958546789538275116e-06
6.017175376411007703e-06
5.921346443864837978e-06
4.897657223061564970e-06
4.168578159509008635e-06
3.648633342823754075e-06
3.030245516474327180e-06
2.618747196659783304e-06
2.247897360468805060e-06
1.955638432214711878e-06
1.673880477205923650e-06
1.456179295339527536e-06
1.211190563591790698e-06
9.890523499583536650e-10
-1.591965215137639513e-10
-4.809736141777640474e-11
-4.807206121839785808e-12
-1.159468384848175828e-09
-2.990538156548337087e-10
-6.684941550860299739e-11
-8.816587958618473689e-12
2.025678787666140679e-10
-2.771022047603416894e-10
-7.156987089543217090e-11
-9.061472345821791883e-12
-1.056840254573296649e-09
-3.859208732860795652e-10
-7.758212586621722766e-11
-1.000013490817970122e-11
-6.704307635485388646e-10
-3.930362796082581109e-10
-8.092402447181548480e-11
-9.558750390287509867e-12
-1.996326956263542429e-09
-5.554380435462678903e-10
-1.014852507343847526e-10
-1.200930851499518890e-11
-2.527833390301716974e-10
-4.538021987473972475e-10
-9.304454304483605989e-11
-1.249903228774157189e-11
-1.189591007169670814e-09
-5.922124837728723617e-10
-1.165943506003563135e-10
-1.464149669998283790e-11
-1.629003869997574844e-09
-5.932768661531706681e-10
-1.177919644707592762e-10
-1.616586013473428529e-11
-3.925254148521661512e-09
-6.995275566473292893e-10
-1.397031240678678816e-10
-1.772077231782916517e-11
-3.912862888263620013e-09
-6.071561068082496161e-10
-1.090233722683420792e-10
-1.373021981041613446e-11
-4.599918157267522218e-09
-7.843431582975652263e-10
-1.405741254549869822e-10
-1.567772105611188141e-11
-2.226486733292421970e-09
-7.593828965240921594e-10
-1.578034933330198973e-10
-2.003401418184742268e-11
-3.561720534816820425e-09
-1.002043395877903444e-09
-1.927789686156823731e-10
-2.287927320280548962e-11
-4.284188499623347657e-09
-1.056059437232739182e-09
-2.124755396407427776e-10
-2.665272708897252286e-11
-4.099125172277923761e-09
-1.080236937537691974e-09
-2.165115858567305941e-10
-3.027645108557879197e-11
-3.153311510111336905e-09
-1.358472036999715781e-09
-2.668674889912127276e-10
-3.525176279354721981e-11
-3.841040536809471041e-09
-1.383696282446933699e-09
-2.877043840899326238e-10
-3.567324398277635144e-11
-3.872562403094949671e-09
-1.551189547901997780e-09
-3.216390224284005660e-10
-3.932895209758006449e-11
-6.574221715618955221e-09
-1.432052811648968358e-09
-3.254847732973701693e-10
-4.453086367849411637e-11
