7.682210781395233985e-06
7.052024496728468151e-06
6.659992440729266859e-06
5.110339611248036471e-06
3.496807296157496374e-06
3.201873620610261212e-06
2.524080486445056359e-06
2.179059005952626479e-06
1.628134767592988644e-06
1.432727373058869152e-06
1.151032097905029228e-06
9.750034424968383728e-07
8.031497112889655009e-07
6.188128737224480720e-07
5.164465670337639871e-07
4.249611639050838193e-07
3.471618546048472175e-07
2.556124153259894403e-07
1.972746450078426324e-07
1.369704235079652225e-07
1.203743820631804566e-05
1.212579011591535362e-05
9.886364302484139689e-06
8.413164861080499988e-06
6.325749348125263599e-06
4.951114243712611374e-06
3.949118806738460103e-06
3.512620303352230714e-06
2.715550204877635493e-06
2.296448430913942061e-06
1.830253192880741794e-06
1.580886139417789247e-06
1.297304423352707385e-06
1.059426090340667078e-06
8.421172972146053410e-07
6.791919622530895858e-07
5.283999964082000852e-07
4.050055538671800099e-07
2.894564683065512275e-07
2.037968786293069026e-07
1.627320247195026558e-05
1.584451526922197334e-05
1.358571866634976273e-05
1.069514946604942773e-05
7.924929204828828287e-06
6.368506679330542192e-06
5.107246849580927383e-06
4.639552716934797011e-06
3.635264854907497482e-06
2.988293255730003945e-06
2.482767211903226315e-06
2.068539722117944325e-06
1.690213206386211000e-06
1.387311454298827592e-06
1.147207630301173727e-06
8.869456801148553753e-07
6.849554591886797708e-07
5.115084956417322769e-07
3.694366122968728157e-07
2.591471701135964809e-07
1.809880124908720545e-05
1.716045985410369771e-05
1.513926969654569867e-05
1.234443914504492572e-05
9.164271727075098056e-06
7.116469718498444181e-06
5.716032405531287560e-06
5.234031330549887150e-06
3.965664858489595416e-06
3.261992820859948996e-06
2.800001792998562927e-06
2.260041759311154517e-06
1.878402353632201090e-06
1.512622121346244642e-06
1.226605417005632023e-06
9.529590595842210230e-07
7.173974736275171031e-07
5.351306606754682370e-07
3.827169534244082802e-07
2.696502631396178538e-07
2.267821660286464431e-05
2.086235073932583543e-05
1.812486303817041017e-05
1.437554226724466796e-05
1.097784021442739136e-05
8.063843061358211097e-06
6.893471861623797030e-06
6.157077846586473108e-06
4.846874929335581036e-06
4.013973418752507406e-06
3.362497316574385322e-06
2.788853315589580085e-06
2.310893059552659876e-06
1.850600590066583285e-06
1.476559951350753236e-06
1.156290760224646681e-06
8.817910302653241115e-07
6.354214664190403601e-07
4.599392893752571316e-07
3.121323911982243652e-07
3.265226219235589189e-05
3.038585636726698024e-05
2.621323035408695874e-05
2.104958233902230451e-05
1.523261893105417350e-05
1.151688712899234283e-05
9.755765316301111547e-06
9.088146260258826118e-06
7.049383380673514929e-06
5.816589116241557958e-06
4.887709392721680537e-06
4.068016630288903700e-06
3.337683002848600168e-06
2.661196543220473663e-06
2.111910730678728153e-06
1.635861496562173821e-06
1.223905106674930186e-06
8.950224931548799420e-07
6.223389619645065066e-07
4.245090781684659310e-07
3.635854424961785971e-05
3.456011416336699345e-05
2.989043233624890712e-05
2.365750380966794882e-05
1.698681277372024757e-05
1.348722045502243493e-05
1.101784950399335566e-05
1.025246184865569856e-05
8.008439467242609263e-06
6.623412637859583406e-06
5.554399069734310264e-06
4.667345229564928451e-06
3.736002548863255985e-06
3.001760844011237214e-06
2.401205917326877801e-06
1.820609801769098784e-06
1.357178996811829773e-06
9.820335109657046853e-07
6.787876580059673272e-07
4.477356858832802684e-07
5.236410664961898171e-05
4.854762138968150533e-05
4.139240482730014033e-05
3.333326586947990219e-05
2.422407954139965141e-05
1.810510481128089420e-05
1.548104207255615573e-05
1.450290779235024556e-05
1.108087854191017592e-05
9.482611323701116437e-06
7.823267019739267513e-06
6.486163874773235067e-06
5.219105093446735639e-06
4.164139347087163268e-06
3.246035376692708550e-06
2.482489988744119767e-06
1.802307396243592938e-06
1.265692996010110412e-06
8.616572829930007470e-07
5.495669894550680275e-07
6.045147178460102472e-05
5.742050951271446550e-05
4.903898949971107081e-05
3.892978106930361493e-05
2.835165386374824433e-05
2.163053747563998457e-05
1.847217224593417225e-05
1.717123940635308148e-05
1.341640289716900490e-05
1.119584223274960247e-05
9.334510878740920068e-06
7.689931346309939359e-06
6.169060082420975989e-06
4.899414049248137964e-06
3.792857761624488720e-06
2.835178331746396368e-06
2.058443538425102779e-06
1.438251146436562560e-06
9.626034110198920286e-07
6.156148923295803105e-07
7.352861993812200101e-05
7.109619073122996175e-05
6.097930854981610218e-05
4.836563257804367313e-05
3.518007098414268892e-05
2.687141255869896221e-05
2.326653201498545868e-05
2.173046208549610141e-05
1.687859127391453434e-05
1.430268370467381180e-05
1.169524452932894558e-05
9.650008420354351559e-06
7.580398522325921148e-06
5.899318686429352338e-06
4.546557629083922487e-06
3.377269850822372798e-06
2.393920903009727517e-06
1.654375852958001737e-06
1.087184054804462461e-06
6.557580384953974566e-07
-3.267332526063962925e-07
1.550486738603200678e-07
2.590648585407797530e-07
1.958601601683156172e-07
2.260828682843492230e-07
9.392537392864541090e-07
1.220557716657358916e-06
1.039982572694214742e-06
9.059328204051659536e-07
7.517477699459698880e-07
7.171139061539521836e-07
5.807766613210577282e-07
5.081311461374042678e-07
3.983833928027085805e-07
3.270636253581025933e-07
2.618891164184610574e-07
2.355771773621464742e-07
2.063454604702179133e-07
1.733673037115198060e-07
1.409985511354388378e-07
1.426501850443557567e-09
1.025344158679250216e-07
4.186249054187422561e-07
3.445584139530503140e-07
6.484212980744912296e-07
1.593395311743695032e-06
1.991533427075302642e-06
1.925202515827844817e-06
1.384884295634718805e-06
1.352989943627000733e-06
1.087482376978473175e-06
9.574348010168962587e-07
7.989629833646404543e-07
6.286738082560904327e-07
5.467699486528273921e-07
4.398093840924416895e-07
3.781900707941460790e-07
3.244580328637642729e-07
2.772596158936081810e-07
2.253083131108074924e-07
2.450288830418684571e-07
7.550490781110668696e-08
2.655914187127316846e-07
8.957086459082564620e-07
1.069713731138275425e-06
1.911508969205763005e-06
2.680532655696866266e-06
2.563116000685523339e-06
1.825340749246577461e-06
1.770630009635763395e-06
1.417459554070324287e-06
1.242445048444847193e-06
1.030398919105293089e-06
8.473616958139524922e-07
7.124282248693895850e-07
5.864099681015918192e-07
4.978365779921212609e-07
4.269243943010584505e-07
3.697825966307508797e-07
3.087785738750067410e-07
3.072287468590945206e-07
1.058582973991563481e-07
2.874374057061592929e-07
6.039034994100214800e-07
1.170609844176044987e-06
1.890219034457488779e-06
2.897066603021066397e-06
2.843420049241225612e-06
2.071871808460814964e-06
1.945563929494210238e-06
1.569817952494215025e-06
1.423799507311080939e-06
1.078891259146107581e-06
9.130054742548974536e-07
7.837660281745834704e-07
6.443089523422773191e-07
5.695604562648419364e-07
4.827058072951833019e-07
4.058852987120435103e-07
3.458824549792138472e-07
5.983320201308413451e-07
-3.063982990091187608e-08
-1.893627297834191807e-07
1.335330736953885786e-06
1.755551995865188044e-06
2.320724565840583355e-06
3.627220468687535691e-06
3.519933072493682215e-06
2.509758561558135013e-06
2.296154297818691913e-06
1.911291354838972580e-06
1.744611914886656312e-06
1.326676416573882544e-06
1.127758944012156580e-06
9.503688821829940835e-07
7.980637326997094324e-07
6.816800501699233023e-07
5.731161203383506924e-07
4.896488601125881895e-07
4.221547674099794966e-07
3.358407027601374523e-07
1.206114990627226085e-07
4.664030452203540085e-07
9.568228792353283865e-07
2.291954302657774732e-06
3.928464379245246760e-06
5.331742549397681332e-06
5.075557552823582333e-06
3.710372977520253351e-06
3.371777990902396340e-06
2.695350381735300789e-06
2.301443028933560241e-06
1.918770403502905962e-06
1.583152763736847727e-06
1.340454863018446446e-06
1.162897352951821769e-06
9.922014492308925715e-07
8.479232407014799560e-07
7.354745275779271036e-07
6.194269645527941694e-07
-4.019124939657955767e-08
4.598308141369991588e-07
7.409121924592933908e-07
1.142962665888966469e-06
2.716531276270382773e-06
4.534086429657260437e-06
6.016416458744844239e-06
5.746101291938467243e-06
4.146850302401982761e-06
3.786343854470579014e-06
3.027064953708111943e-06
2.700655496016943370e-06
2.155906548448697504e-06
1.866039214293836530e-06
1.557434018153347540e-06
1.336745348869424702e-06
1.140635665999963501e-06
9.897831069231254675e-07
8.525145105288970108e-07
7.254866732243427326e-07
1.956751538048448659e-07
5.967664849546278305e-08
8.610555463016083141e-07
2.082871436513367754e-06
3.832512245664427463e-06
6.334708123458047914e-06
8.800307214031431234e-06
8.038541625304290551e-06
5.654649574729797318e-06
5.254444209547749738e-06
4.224088707418213772e-06
3.671779476617093809e-06
3.046638470832699222e-06
2.542279606243524221e-06
2.194496661544823001e-06
1.864452134948552713e-06
1.599400556968647390e-06
1.410677380290363743e-06
1.212271530251034394e-06
1.022959465574215084e-06
8.162202007675764096e-07
3.298158951869529395e-07
9.140899909584490852e-07
2.241514973618389584e-06
4.741026695606459462e-06
7.456856967171422514e-06
1.041059063868301268e-05
9.624668178719149520e-06
6.408785958080549066e-06
6.216456241370294518e-06
4.883351968566964840e-06
4.298161130182168853e-06
3.553968970456937504e-06
3.035925880660065550e-06
2.603831486233888700e-06
2.223793989338406921e-06
1.939087488264886818e-06
1.665434065720464394e-06
1.438110831686423696e-06
1.233324682805147034e-06
1.888476583242178763e-07
4.993174378320859597e-07
1.637533302739388705e-06
2.105833551641591533e-06
5.660600861604084533e-06
9.225159231938983686e-06
1.293075972047004265e-05
1.194332858848010887e-05
7.862283837486151820e-06
7.578104944619472103e-06
5.944689368372740653e-06
5.353755368602609921e-06
4.431422383535652652e-06
3.835803113444423304e-06
3.335633004660438110e-06
2.871829404021231003e-06
2.474098609562469359e-06
2.102893124897031882e-06
1.820903567719254773e-06
1.526420095896029204e-06
-1.639850983131142179e-09
-2.900855990592686565e-10
-5.569867680699578722e-11
-7.200060861266449152e-12
-3.728631831063044713e-10
-3.907296506913953955e-10
-8.181251772048608665e-11
-1.029641226284371519e-11
-7.498508577605418287e-10
-4.561207807268192884e-10
-9.354531898564929052e-11
-1.216887200543783685e-11
-1.063119837395593362e-09
-4.829340500383113402e-10
-1.044304202461276866e-10
-1.341585487709107343e-11
-1.738009617795896444e-09
-5.599963450938305947e-10
-1.170200556661499373e-10
-1.452805886449044449e-11
-2.103461792824355267e-09
-6.868392167557578477e-10
-1.365637204471530240e-10
-1.693097870819095838e-11
-1.862756590482993443e-09
-7.136543193702911019e-10
-1.441486446694111169e-10
-1.807030598214843192e-11
-3.392785235261416160e-09
-8.753303305125113234e-10
-1.725733457265968624e-10
-1.977487026592036909e-11
-2.644152424406925730e-09
-8.653657466638279444e-10
-1.780927290452276712e-10
-2.203058209167051461e-11
-2.229366529970131103e-09
-9.153941946125756428e-10
-1.893433306673504340e-10
-2.430218781877797795e-11
-1.880483140446558450e-09
-8.811857769101884722e-10
-1.699553408407693792e-10
-2.085402840696482202e-11
-3.205432024827154395e-09
-1.061450826476654441e-09
-2.069610675015201780e-10
-2.457716323601301210e-11
-4.779890037271636872e-09
-1.177384651788434955e-09
-2.219248301272625168e-10
-2.631739136644412195e-11
-4.719305566156756980e-09
-1.383382183734241762e-09
-2.742512064964711617e-10
-3.414511641257882385e-11
-5.601889036366682615e-09
-1.466017834377245746e-09
-2.950145444692197892e-10
-3.618296705159260376e-11
-6.458651993245997549e-09
-1.629684563401905532e-09
-3.197371050015951678e-10
-3.855984692674273563e-11
-5.704585449791313749e-09
-1.826953954288171298e-09
-3.695341022781478226e-10
-4.630045207556374405e-11
-7.878231898960002963e-09
-2.059762467802835795e-09
-4.093295473247644988e-10
-5.136814198897262868e-11
-8.833853468756165206e-09
-2.249968718259306267e-09
-4.581049778654062028e-10
-5.843104883973056729e-11
-5.927487606315943182e-09
-2.398702028311418049e-09
-5.090941510898908240e-10
-6.631901144538433843e-11
