7.118281310160618900e-06
6.974984314996408675e-06
6.617262914048344497e-06
5.501215404809431805e-06
3.723268941360047749e-06
3.336348710741728560e-06
2.553380710199619083e-06
2.030435378802644481e-06
1.682495470837634763e-06
1.384500396471804760e-06
1.209949709285646888e-06
9.993815667105551432e-07
8.359921245261226954e-07
6.266064106763419625e-07
4.931960982624285181e-07
4.513243750464743510e-07
3.645204800403999033e-07
2.615852831325100894e-07
1.994040871444545354e-07
1.444766798825714628e-07
1.269285679279471005e-05
1.217259636345407210e-05
1.000580590288355913e-05
8.462700643193202490e-06
6.253074541795569108e-06
4.993975772273215299e-06
3.896744334701353011e-06
3.570145138962912529e-06
2.645032500755910656e-06
2.246610372580145304e-06
1.827843966701300851e-06
1.562131446056493687e-06
1.324393004230179729e-06
1.056240979121139944e-06
8.624470373562046136e-07
6.898679344865400586e-07
5.326974496920124279e-07
4.054125125032300911e-07
2.837750356590818481e-07
2.029575697571633156e-07
1.524139547133523327e-05
1.579502436261066717e-05
1.342699282249697112e-05
1.061946138962721619e-05
7.954796740592735108e-06
6.369588483008568386e-06
5.175560236453392397e-06
4.613429620076089853e-06
3.573091490565010767e-06
3.021676229394458871e-06
2.473112725178827270e-06
2.041532732625343251e-06
1.698493013414013487e-06
1.386605538308048479e-06
1.164188085057816867e-06
8.856908241044898883e-07
6.769145164876180888e-07
5.103117590822016853e-07
3.705038947821991722e-07
2.518592566047238544e-07
1.853066477351943903e-05
1.692933254892637428e-05
1.463276122284134094e-05
1.165074053121289735e-05
9.336209968423941072e-06
7.083413285214888483e-06
5.673062695576119452e-06
5.163316467585192078e-06
3.869683890449155514e-06
3.263259101113761958e-06
2.776102480286122733e-06
2.231430529577207668e-06
1.880652698583732956e-06
1.519452865577812029e-06
1.218806008013943715e-06
9.453856077886079726e-07
7.027378243486132965e-07
5.236186377738788461e-07
3.856871059237195400e-07
2.753668681037460026e-07
2.285426800379754839e-05
2.139147934397996059e-05
1.843999058575550309e-05
1.440433752375263297e-05
1.096183284917995200e-05
7.795498359447199330e-06
7.121662775335162574e-06
6.228812763927664772e-06
4.877750679886503452e-06
3.966080782285926116e-06
3.385690958875487390e-06
2.795291845646176138e-06
2.339315032379183713e-06
1.830778974413140820e-06
1.457700236720530104e-06
1.160558827958185472e-06
8.809920806774841398e-07
6.288539323189825418e-07
4.519337018863754864e-07
3.147062778754215590e-07
3.237022581750640082e-05
3.041851764542579390e-05
2.582190721527099768e-05
2.097663344079280697e-05
1.539905201050131291e-05
1.166701278299141675e-05
9.908476829358130395e-06
9.077386394346389139e-06
7.029926459891314742e-06
5.836999542372063043e-06
4.883526316392290689e-06
4.058449507325054915e-06
3.299628508484345511e-06
2.640883696253667450e-06
2.109163447936769449e-06
1.631271701062903735e-06
1.224310012432148771e-06
8.955152125141318038e-07
6.201309088660465008e-07
4.187607257201051744e-07
3.681241129568188535e-05
3.477770927691186412e-05
2.940859675473438671e-05
2.343109440567656072e-05
1.700920805422905668e-05
1.356841345692968989e-05
1.099234998091171600e-05
1.031385506587607643e-05
7.940885697295219529e-06
6.534095614336163888e-06
5.560148887107429527e-06
4.685662123926788527e-06
3.719474858889952305e-06
2.983792741604703123e-06
2.353601046806449893e-06
1.795479513902809129e-06
1.340818842946234792e-06
9.838979913882083625e-07
6.648548983384545206e-07
4.453695894093520860e-07
5.171061838783910889e-05
4.917717225951267785e-05
4.123712478692499999e-05
3.291552332660965992e-05
2.438349554534706987e-05
1.797470575204466970e-05
1.538794994567360962e-05
1.454731361516384876e-05
1.114284446746745960e-05
9.430537846067951551e-06
7.773061980107130926e-06
6.528570625155469627e-06
5.188473739295332532e-06
4.214377544107976061e-06
3.238034893494362739e-06
2.449077114966653664e-06
1.806182611590310482e-06
1.272721062468591403e-06
8.569141683673426714e-07
5.443858380043185013e-07
6.102386174624027892e-05
5.719037602725351023e-05
4.902519956349318461e-05
3.893239638183510973e-05
2.832967754646863672e-05
2.180884265927498771e-05
1.840318243549687478e-05
1.711855237791978316e-05
1.354038201504007363e-05
1.114303332450836127e-05
9.369102930822498685e-06
7.674077494124930399e-06
6.146945215084837737e-06
4.887402222924612493e-06
3.780382083784081630e-06
2.806103887646873906e-06
2.052511943890793695e-06
1.430209503440539656e-06
9.490359597309725315e-07
6.103916006894490672e-07
7.233398439967286060e-05
7.112998534265332537e-05
6.046902456435021474e-05
4.718638272672627954e-05
3.494713261329093632e-05
2.668062753832793106e-05
2.330309730171094607e-05
2.195515052896628797e-05
1.705178220770707376e-05
1.441242943967424079e-05
1.159953379687437841e-05
9.651922236228232662e-06
7.611332156549426699e-06
5.897930157552792250e-06
4.498021963396571628e-06
3.366679876735132426e-06
2.398172707463407026e-06
1.642115116093885881e-06
1.087720680614006170e-06
6.330690897682306344e-07
-1.168470027408237401e-06
2.846127009672851618e-07
5.866612692926350978e-07
-4.858399910921528257e-07
2.966835071181353112e-07
8.623839200951699774e-07
1.351254876320344988e-06
8.566407692825829597e-07
9.857790240640453093e-07
7.393024446348558866e-07
7.162585161164006436e-07
5.635786174592265694e-07
5.362814049055777927e-07
3.825897295025153816e-07
3.223286692233190629e-07
2.649073992649152676e-07
2.416430735168722252e-07
2.101978508468065503e-07
1.703432155638094731e-07
1.467832740744724465e-07
7.898075151728421434e-07
-4.046940429418304568e-08
1.883747165986195646e-07
1.325539997144402427e-07
5.206216215545758862e-07
1.520273540528322425e-06
1.895719775508319892e-06
1.854476060632961644e-06
1.306218078961333501e-06
1.291143145549423401e-06
1.022087971286028641e-06
9.134925326854465191e-07
7.759317627999482647e-07
6.381830354319501283e-07
5.543903497126072025e-07
4.458725323342582407e-07
3.764823701135187878e-07
3.243969073073080761e-07
2.787737712568106175e-07
2.235806666228250746e-07
9.519243640166450625e-07
-3.945269460864273499e-08
-2.983949309860378338e-07
8.850870746810631081e-07
1.238424147817675529e-06
1.809085916535043307e-06
2.761030519692480111e-06
2.491460048332672732e-06
1.768087662311010793e-06
1.839362569727963384e-06
1.445125607220832047e-06
1.235023821134322003e-06
1.037834100952070823e-06
8.604056381914450821e-07
7.223414723071798213e-07
5.889638162977819764e-07
4.989832204552539704e-07
4.268048462655599033e-07
3.675572119371621611e-07
3.038499956792666299e-07
5.057694546467531053e-07
-1.942363432350944907e-07
4.350731740227761503e-07
3.068886286834705839e-07
1.085002863445274524e-06
1.961968281970712089e-06
2.938941996881656073e-06
2.889018635393593066e-06
2.070137579951249273e-06
1.965737079292362333e-06
1.592349010357785337e-06
1.382907808902554557e-06
1.055345044204148710e-06
9.019069279294311781e-07
8.001538115356506479e-07
6.363415725515050353e-07
5.566080601302024201e-07
4.848573132735615283e-07
4.100884815878783304e-07
3.404548161615202970e-07
1.937037937212122587e-06
1.796429978124868458e-07
1.484064368462375359e-07
1.330007480742685265e-06
2.306417072923404980e-06
2.291616944115637210e-06
3.589874860896722439e-06
3.395864095565604398e-06
2.402797909234047096e-06
2.337421077751791257e-06
1.853247375661295677e-06
1.707281246509442982e-06
1.388108741683942410e-06
1.119785953496885654e-06
9.681163722727119827e-07
7.986119003972953371e-07
6.684199021458067835e-07
5.977883191514577478e-07
4.982972001853540652e-07
4.191018684248901367e-07
6.405101088372933165e-07
1.481591146334579704e-07
4.111324003782478833e-07
1.145446149916035305e-06
2.241724981617440804e-06
4.293332235766271088e-06
5.337705412361211579e-06
5.101274045252075682e-06
3.706224340862401060e-06
3.374503462360365198e-06
2.724793096403241989e-06
2.257202074039195465e-06
1.913535302072624948e-06
1.607991454004223116e-06
1.332272469944920006e-06
1.168342371389117582e-06
9.882751069960885521e-07
8.493074323090926209e-07
7.341443655635929457e-07
6.129403365430418050e-07
-8.710147843721521361e-08
3.021087900956953486e-07
9.038034898446768031e-07
1.343060553650022459e-06
2.983960976092038216e-06
4.423454459897450204e-06
6.089644086648425895e-06
5.765099885568729665e-06
4.125447573273858474e-06
3.814890245832366332e-06
2.994263454648692197e-06
2.641437310530754077e-06
2.150931222897855761e-06
1.880269670711654327e-06
1.570012530289907542e-06
1.347307934254656838e-06
1.136575011570942490e-06
9.848290002542592105e-07
8.497063914343319074e-07
7.207368256393025681e-07
1.656717054493187457e-06
2.227548430719145511e-07
1.162024306518101600e-06
2.115431420161279891e-06
3.879784996411001451e-06
6.272813083128446219e-06
8.812293257355476747e-06
7.934746482855559472e-06
5.759927569331002752e-06
5.269961139901163545e-06
4.182503770527320462e-06
3.675838170670449234e-06
3.062749544726975410e-06
2.484133787887449888e-06
2.218658555543530602e-06
1.837063968425889974e-06
1.604540911639344614e-06
1.406959902221316642e-06
1.218736897006211279e-06
1.026752885207216806e-06
1.427478187522727175e-06
5.913444822249222464e-07
7.103305496168815636e-07
2.496387406676555486e-06
4.624056633739373403e-06
7.472275219680157729e-06
1.040448116781693030e-05
9.320372444571176489e-06
6.503823999081021046e-06
6.269002575512603326e-06
4.907549671458930391e-06
4.340896236540093324e-06
3.506694232331830307e-06
3.036102319700976175e-06
2.580960588911242399e-06
2.229028634649155956e-06
1.949323228968338757e-06
1.673770234625527254e-06
1.448672483222109848e-06
1.237725846299284030e-06
2.046645317189719266e-06
9.985573121466233151e-07
1.661223664531202047e-06
1.629859343513139399e-06
5.551745503180387662e-06
9.632308185717882048e-06
1.303235968087338775e-05
1.192812343609908515e-05
7.739345867007751414e-06
7.557098060011093786e-06
5.874154392307244431e-06
5.366206721051394251e-06
4.497153204023422137e-06
3.849199090908134739e-06
3.315395078739930489e-06
2.852697616792625112e-06
2.491968560019977600e-06
2.102314995470035997e-06
1.831964708804994999e-06
1.520254742390664956e-06
-8.572427410475080618e-10
-2.471028822079986505e-10
-5.303074546429101101e-11
-7.966590620377614411e-12
-4.820056827267736558e-11
-3.944566938231954870e-10
-8.535239724766823008e-11
-1.123977924899743606e-11
2.956154924981272001e-10
-4.584617429331648055e-10
-1.003360211201205285e-10
-1.224093853206183082e-11
-1.930298559008464844e-09
-4.719960623705719902e-10
-1.107493951841501389e-10
-1.406577550974830625e-11
-7.785842031359147097e-10
-5.439586196549717022e-10
-1.165504414004353332e-10
-1.571424647269736787e-11
-2.338512325961017546e-09
-6.944865378609490285e-10
-1.376833135502329464e-10
-1.717200880583846065e-11
-2.316249342565687712e-09
-7.849209042665154936e-10
-1.519015445640559070e-10
-1.908720691616407412e-11
-3.897814980308016067e-09
-8.469346935466920723e-10
-1.714933660875043464e-10
-2.042617600893187063e-11
-3.466727849749313628e-09
-8.850489421480181607e-10
-1.796123924121961177e-10
-2.213129715338381452e-11
-3.017773022253017708e-09
-9.730183644393157556e-10
-1.898986221874283258e-10
-2.357577305131153562e-11
-1.949652863003749029e-10
-8.546579184263897618e-10
-1.799027456360472924e-10
-2.130356625810320883e-11
-4.259586471258801763e-09
-1.130584106295688291e-09
-2.144348541414740964e-10
-2.480006917541843353e-11
-4.233347604967952178e-09
-1.167521151954757108e-09
-2.302133061407296928e-10
-2.683994608480403210e-11
-5.365394865405602510e-09
-1.424313590301028688e-09
-2.777117807549812739e-10
-3.474004442231088429e-11
-5.894098861815668510e-09
-1.485901151746987630e-09
-3.027340006361023368e-10
-3.743967842589612717e-11
-6.300097689897169908e-09
-1.619431089053796117e-09
-3.242521175370007348e-10
-3.797192213205558854e-11
-4.658514058429384366e-09
-1.872580153934668017e-09
-3.720784796322738320e-10
-4.669603742926195152e-11
-8.562059905326578344e-09
-2.104870376460616197e-09
-4.109826393801823332e-10
-5.252058690782960326e-11
-9.102661648276717451e-09
-2.291844153035160067e-09
-4.690334946231986963e-10
-5.904123691569412077e-11
-6.555856309024030735e-09
-2.460941273194478524e-09
-5.303490416527442915e-10
-7.039255359316848601e-11
