5.397196046997748933e-06
6.004399324412910075e-06
4.529903684036605218e-06
4.706113142596739113e-06
2.753786960033236224e-06
2.272997091280490111e-06
1.955283673316726483e-06
1.813095053399907975e-06
1.243997818791996553e-06
9.506064083600283962e-07
9.057448019977632621e-07
7.779753639652092864e-07
6.527333472836652597e-07
5.204460068805427840e-07
4.122645426229356364e-07
3.310008348311983484e-07
2.582978817394217189e-07
2.013451479113831367e-07
1.536932716230756647e-07
1.100008306341005893e-07
8.479051139253892782e-06
9.671112428599566569e-06
8.126216106183239477e-06
5.939898869404094542e-06
4.707631517577965645e-06
3.515991133240855732e-06
2.967660820835563006e-06
2.917679766875993543e-06
2.103115889706440054e-06
1.765054435639939996e-06
1.443992105315000662e-06
1.172014206045707626e-06
1.015341000817822287e-06
8.433650102730445298e-07
6.577300486578969648e-07
5.268458451589176201e-07
4.151204299445101294e-07
3.067056763318256430e-07
2.254329107575657759e-07
1.614210420841315145e-07
1.088063388961727363e-05
1.271299139717142518e-05
1.040428271173036954e-05
7.952540249794815360e-06
6.293711020881105842e-06
4.542428986796118458e-06
4.156033447378767289e-06
3.751512677294017554e-06
2.811889184513802000e-06
2.388876450689005849e-06
1.918271638952905869e-06
1.644015286336712352e-06
1.375777409463506725e-06
1.086439683445903708e-06
8.806385649220436524e-07
6.856407409395632779e-07
5.210517634949612807e-07
3.799273768535222771e-07
2.843761941093927373e-07
1.993836919076251295e-07
1.345259538068001704e-05
1.385513951014238802e-05
1.114736584571872341e-05
8.946710733554453479e-06
6.973026655183521342e-06
5.264588965375943773e-06
4.539630994302583150e-06
4.006644292284004266e-06
3.066129191109971423e-06
2.683170408652427348e-06
2.110819912468668832e-06
1.835620506547036858e-06
1.472027430967898012e-06
1.196456117479864551e-06
9.473842126671655370e-07
7.722611352972292039e-07
5.723135615617959467e-07
4.091010869740766654e-07
3.032933848609486974e-07
1.944222691819268632e-07
1.540090393941722323e-05
1.742570947977058744e-05
1.399573648931427486e-05
1.215010562653588621e-05
8.620849006421313983e-06
6.588362450755450311e-06
5.535771570802394737e-06
4.776155505405405176e-06
3.521917174267591624e-06
3.158232710934571647e-06
2.619732828056792032e-06
2.213157872842548659e-06
1.786858131949291473e-06
1.491543614694125138e-06
1.135534093991180249e-06
9.040874350496623928e-07
6.986093822269389880e-07
5.034445634276761422e-07
3.590371853894588904e-07
2.409619019620238329e-07
2.261146133587660571e-05
2.453627033135696010e-05
2.089715436936566198e-05
1.621449640725169386e-05
1.216652501206374769e-05
9.062769277556499071e-06
7.793941920121282894e-06
7.205428544272793598e-06
5.526385311496860964e-06
4.489791446179902468e-06
3.773624388414278012e-06
3.220995872143260811e-06
2.636498060492491883e-06
2.090676343587932345e-06
1.654715618459684697e-06
1.264626078191595335e-06
9.463286762739353180e-07
6.906932968058533201e-07
4.747322404656562462e-07
3.129089900205011121e-07
2.741620606074643142e-05
2.735233335162823100e-05
2.327217867794643499e-05
1.807269851084858438e-05
1.399377193019444763e-05
1.037117444741441094e-05
8.821161831293106072e-06
8.113600855578287973e-06
6.379354487667970218e-06
5.374012894804348522e-06
4.255972344509799530e-06
3.544022895616577742e-06
2.942905699475297975e-06
2.391594821276888991e-06
1.845450283910560543e-06
1.432821632117930682e-06
1.057121439128626993e-06
7.682449044773293806e-07
5.158043634994247581e-07
3.484871618922673032e-07
3.593576370840923038e-05
3.895019553263337703e-05
3.237191729596153886e-05
2.498081876053911873e-05
1.865274773775376106e-05
1.415855792237993736e-05
1.208717849288463146e-05
1.147563840424542510e-05
8.609341369777358903e-06
7.342066594758275037e-06
6.032927612633537529e-06
5.135245686017798177e-06
4.077854889892062598e-06
3.279487447357621542e-06
2.541273062419229674e-06
1.883900289923612949e-06
1.400701633071088600e-06
9.727777890053841975e-07
6.601601773250222221e-07
4.152790365301839620e-07
4.202854203240939223e-05
4.566231078008593531e-05
3.745999350031094515e-05
2.868682398689527901e-05
2.242963280662619636e-05
1.637080993782275695e-05
1.434649455246316982e-05
1.334914128656520631e-05
1.024749668843517629e-05
8.760895809635342252e-06
7.301125853062831147e-06
6.024961507320682585e-06
4.762885295909770435e-06
3.792800255154828835e-06
2.890532795317146669e-06
2.179096440857538089e-06
1.587713721634737658e-06
1.105469741327014512e-06
7.378889628176355490e-07
4.710286695214779440e-07
5.354255833836679565e-05
5.758844591829770734e-05
4.660824895587554600e-05
3.612858806218675900e-05
2.786898092012576040e-05
2.013696587851561835e-05
1.795928566739709830e-05
1.686151968393323272e-05
1.290442203961308972e-05
1.064162897511761695e-05
9.084352452303031650e-06
7.471552137989575974e-06
5.913060026903063143e-06
4.622074105633612571e-06
3.499367981234019225e-06
2.577173787534300298e-06
1.841339340311872698e-06
1.271707564405115478e-06
8.433551010704053978e-07
5.044906250297969023e-07
1.041840899128961133e-06
6.982991278307940112e-08
-2.917243867154646392e-07
1.969916356709903518e-07
3.717265049054001130e-07
7.168258790844033661e-07
1.019887256869617501e-06
8.202818926097479612e-07
4.851947430474716625e-07
6.377987711581285002e-07
5.173375509045527896e-07
5.374073066357547275e-07
4.079424823737349072e-07
3.377916876446505059e-07
2.774523216973563375e-07
2.487433323296200186e-07
1.717268139930194692e-07
1.620922565925206914e-07
1.354777909446088364e-07
1.135941510094697719e-07
4.595363798738530193e-07
7.970179781235159292e-08
6.273783129855422248e-07
-1.224488296035204530e-07
8.188089206667025554e-07
1.226747994448171564e-06
1.531094440744124155e-06
1.458162820332239450e-06
9.882845462944466313e-07
9.776376423632783830e-07
8.844566506008310066e-07
8.188824703341578306e-07
6.352101569465551546e-07
5.023614156795685556e-07
4.086254774505385496e-07
3.374715497462957666e-07
2.951645761181672704e-07
2.503173684607768861e-07
2.095499019369748283e-07
1.958575117548725388e-07
-1.399335869898979128e-07
1.691618396026756032e-07
1.654407362777835559e-08
4.767219271108824349e-07
9.434930216511074901e-07
1.477433428667678336e-06
2.149452904051894075e-06
2.105797946833832981e-06
1.455210175577070860e-06
1.408034865949143042e-06
1.089402772752708415e-06
9.170323297143053506e-07
8.292190819798955820e-07
6.945874011886978938e-07
5.583724801980018257e-07
4.620205115455414211e-07
4.031333592599280404e-07
3.309983484957291314e-07
2.916930862846838141e-07
2.508923226606512858e-07
-6.767996424468837275e-08
9.229421565784704479e-08
-2.497554316498177670e-07
1.125733096619958307e-06
9.771287452488867770e-07
2.011840849937450118e-06
2.332902937469352072e-06
1.977902107149038269e-06
1.289831381191378554e-06
1.591405659533555593e-06
1.231742576096025866e-06
1.079615525718792048e-06
8.528213128927157939e-07
7.853476558620046698e-07
6.068619345787975680e-07
4.746010038361890861e-07
4.413401731769090768e-07
3.577082912073077002e-07
3.151846878470130444e-07
2.757276840343576260e-07
1.169911163072704182e-06
6.857962690370363619e-08
6.820935548417260905e-07
4.758375193989719514e-07
1.403836310491160324e-06
1.902490484429910719e-06
2.971933840620120673e-06
2.829197937615841217e-06
1.753031156944436581e-06
1.918391976592999120e-06
1.540265691741002687e-06
1.247361748897610828e-06
1.109324533898016141e-06
8.483585669194267826e-07
7.407259777871548722e-07
6.152740585233020168e-07
5.312931973909114142e-07
4.559247894220863414e-07
3.793022273336058257e-07
3.442991348717636767e-07
-3.992309556421376680e-07
-1.109944072768203746e-07
7.265081166093618089e-07
9.350630912096856523e-07
2.032751356635115028e-06
2.719075043251462626e-06
4.299609041444679976e-06
4.117419440264237817e-06
2.638242441926943841e-06
2.590752141815349857e-06
2.039377668131860794e-06
1.818777387803953363e-06
1.461595228647350607e-06
1.261696516747239962e-06
1.060015808636671229e-06
8.867699341949961077e-07
7.813311430790228134e-07
6.649836498697883464e-07
5.766449160773157903e-07
4.870409319413035730e-07
-8.672868640939783440e-07
3.226826243181165286e-07
5.813111116491928536e-07
7.719483671243214404e-07
2.272636492618699421e-06
3.543944901238669108e-06
4.930687442915796823e-06
4.419975699677951697e-06
3.056955190041491479e-06
3.024530092512168115e-06
2.347550348583801014e-06
2.101681270182182134e-06
1.717232804854281470e-06
1.467808620164806866e-06
1.180309034605031507e-06
1.044813585334722623e-06
8.855338725795023348e-07
7.745942955258357431e-07
6.817676589232152734e-07
5.546991842371141303e-07
-1.376799873398201474e-07
9.368715250308779746e-07
1.131334955864721676e-06
1.571148375979019016e-06
2.910364884159700655e-06
5.293282388170148440e-06
6.918225511271377497e-06
6.226279130552399629e-06
4.024803215549829736e-06
4.110166833582970761e-06
3.274540744463437286e-06
2.980174245607670254e-06
2.350772211109391022e-06
1.990808161338057543e-06
1.737391743463457774e-06
1.471303165582137732e-06
1.269676180878566592e-06
1.078497167482264478e-06
9.233821847152276147e-07
7.972234797743826220e-07
1.532643621525653080e-06
2.243323530550745951e-07
1.960148586904060226e-06
1.542439240195496351e-06
3.779536696338167852e-06
6.178506108607038799e-06
8.141329522140282663e-06
7.519364941653735943e-06
5.033028386005730369e-06
4.890504246541232415e-06
3.728211812942254074e-06
3.336481943471463604e-06
2.816519885456720248e-06
2.334232193414799895e-06
2.026887814417697011e-06
1.754518371225665390e-06
1.512132677463266404e-06
1.286650340868881698e-06
1.138110418008228977e-06
9.569251741040829288e-07
-4.287722077529623212e-07
6.273506497466145852e-07
9.580096423641271939e-07
1.952979630399007353e-06
4.550422474951187169e-06
7.412786576355749603e-06
1.028534559143139337e-05
9.619109206970156476e-06
6.337642696140825134e-06
6.031877165030350750e-06
4.667372421445537846e-06
4.181229526962247687e-06
3.406902575253444187e-06
3.098832419956289453e-06
2.595489285155143782e-06
2.253249266848537775e-06
1.973495498596815402e-06
1.660892989247188071e-06
1.434874321560404344e-06
1.184621617552338557e-06
-6.379560517123969092e-11
-2.280295335433738023e-10
-3.944301235110812850e-11
-5.044810841645262833e-12
-1.847041612329910946e-09
-2.873716807842956397e-10
-5.519352004175844423e-11
-6.557239619325640985e-12
-1.742808006919774747e-09
-3.609002141745751724e-10
-7.355641839924337813e-11
-7.413579437358536444e-12
-3.707624032466855169e-10
-2.939397969809890897e-10
-6.531186282418692383e-11
-8.168923028921634629e-12
-1.221225909261782569e-09
-3.593841728987419284e-10
-7.851270316797678049e-11
-1.043726848197069378e-11
-1.422818429043433337e-09
-4.790452264231398865e-10
-9.998815157150829485e-11
-1.193161227845473476e-11
-9.271275791107657005e-10
-4.836949422357527644e-10
-1.033541011790961502e-10
-1.292151216981418702e-11
-1.971713208397289212e-09
-5.517557878760837314e-10
-1.141629206248626799e-10
-1.397675579045947603e-11
-2.653658361972586137e-09
-6.622690451612387131e-10
-1.202426768124777713e-10
-1.484067611989233008e-11
-8.705831408266059645e-10
-6.618359121679870744e-10
-1.265819504351202847e-10
-1.616433546756625868e-11
2.399964081399385767e-11
-5.834908713619431246e-10
-1.262994167696183464e-10
-1.288165093250484559e-11
-1.318408970324384215e-09
-7.323098038323785106e-10
-1.430205967582147610e-10
-1.761890310075272118e-11
-4.004852670751223081e-09
-7.476534959488891302e-10
-1.518279728246949345e-10
-1.845186652354176361e-11
-4.534042160202815065e-09
-9.403015669323267832e-10
-1.821101506159741321e-10
-2.236707117116588155e-11
-5.631929440490595442e-09
-1.024318003009799041e-09
-1.959581606757207004e-10
-2.300660223204876689e-11
1.404228089141617918e-09
-9.446679787250844130e-10
-2.108417281437400618e-10
-2.766741951539299087e-11
-3.398378538672190774e-09
-1.302453394027398670e-09
-2.615809315526987603e-10
-3.280093521508545059e-11
-3.159542722566642746e-09
-1.399482226723423668e-09
-2.885784591729738277e-10
-3.444139610424866540e-11
-2.588322206983294777e-09
-1.510359242399065799e-09
-3.188504792870143160e-10
-4.061128750040045163e-11
-1.056122169991782186e-08
-1.913056852614533701e-09
-3.645596149579828146e-10
-4.569302757259579293e-11
