# d_a
0.000000000000000000e+00
3.369190026894754197e+01
6.664701495726751546e+01
9.888583235942245153e+01
1.304280630779590240e+02
1.612926774407887365e+02
1.914979407906420192e+02
2.210614467855845930e+02
2.500001488392385625e+02
2.783303898198993238e+02
3.060679301191189552e+02
3.332279741923441065e+02
3.598251956669080869e+02
3.858737611059422647e+02
4.113873525105672684e+02
4.363791886370187285e+02
4.608620452001010221e+02
4.848482740294748510e+02
5.083498212408231893e+02
5.313782444797609514e+02
5.539447292925240163e+02
5.760601046739221829e+02
5.977348578397286474e+02
6.189791482676484975e+02
6.398028210481560336e+02
6.602154195838808164e+02
6.802261976737619307e+02
6.998441310159424802e+02
7.190779281612524301e+02
7.379360409471717048e+02
7.564266744403324765e+02
7.745577964139331471e+02
7.923371463848287704e+02
8.097722442336014410e+02
8.268703984295212877e+02
8.436387138810302986e+02
8.600840994311683971e+02
8.762132750162397770e+02
8.920327785049618114e+02
9.075489722343652375e+02
9.227680492577661653e+02
9.376960393193055552e+02
9.523388145686984672e+02
9.667020950291171175e+02
9.807914538303853078e+02
9.946123222190167326e+02
1.008169994355998028e+03
1.021469631912609088e+03
1.034516268474051458e+03
1.047314813760100833e+03
1.059870057671535733e+03
1.072186674170611923e+03
1.084269225003441079e+03
1.096122163271692216e+03
1.107749836860677306e+03
1.119156491730504740e+03
1.130346275076637085e+03
1.141323238365877842e+03
1.152091340253497492e+03
1.162654449386918941e+03
1.173016347101124438e+03
1.183180730010659090e+03
1.193151212502902354e+03
1.202931329137006742e+03
1.212524536952719927e+03
1.221934217693074743e+03
1.231163679944751266e+03
1.240216161199725548e+03
1.249094829841643332e+03
1.257802787060187484e+03
1.266343068696564387e+03
1.274718647023066524e+03
1.282932432459542269e+03
1.290987275229460010e+03
1.298885966958131121e+03
1.306631242215534940e+03
1.314225780006074501e+03
1.321672205207479237e+03
1.328973089960968309e+03
1.336130955014700703e+03
1.343148271022420886e+03
1.350027459799151529e+03
1.356770895535669524e+03
1.363380905973441259e+03
1.369859773541614686e+03
1.376209736457583404e+03
1.382432989792572243e+03
1.388531686503648643e+03
1.394507938433453546e+03
1.400363817350915951e+03
1.406101355787858438e+03
1.411722547823114155e+03
1.417229350236877053e+03
1.422623683252010323e+03
1.427907431364876629e+03
1.433082444151658819e+03
1.438150537051089032e+03
1.443113492124474305e+03
1.447973058793852033e+03
1.452730954559089241e+03
1.457388865694686274e+03
1.461948447927036341e+03
1.466411327092832153e+03
1.470779099779305852e+03
1.475053333946946168e+03
1.479235569535309196e+03
1.483327319052521943e+03
1.487330068149041381e+03
1.491245276176217885e+03
1.495074376730182848e+03
1.498818778181562038e+03
1.502479864191489696e+03
1.506058994214393124e+03
1.509557503987975451e+03
1.512976706010831776e+03
1.516317890008097265e+03
1.519582323385516247e+03
1.522771251672312928e+03
1.525885898953214109e+03
1.528927468289975195e+03
1.531897142132733961e+03
1.534796082721516541e+03
1.537625432478197808e+03
1.540386314389209019e+03
1.543079832379274876e+03
1.545707071676455371e+03
1.548269099168746834e+03
1.550766963752500715e+03
1.553201696672892922e+03
1.555574311856685654e+03
1.557885806237498400e+03
1.560137160073805944e+03
1.562329337259873000e+03
1.564463285629821257e+03
1.566539937255027553e+03
1.568560208735030301e+03
1.570525001482134030e+03
1.572435201999874835e+03
1.574291682155519993e+03
1.576095299446760464e+03
1.577846897262749508e+03
1.579547305139641821e+03
1.581197339010772339e+03
1.582797801451620217e+03
1.584349481919688742e+03
1.585853156989433273e+03
1.587309590582363626e+03
1.588719534192444144e+03
1.590083727106906053e+03
1.591402896622590333e+03
1.592677758257926598e+03
1.593909015960664192e+03
1.595097362311447341e+03
1.596243478723342605e+03
1.597348035637415705e+03
1.598411692714446644e+03
1.599435099022883151e+03
1.600418893223108853e+03
1.601363703748126227e+03
1.602270148980725480e+03
1.603138837427230101e+03
1.603970367887887505e+03
1.604765329623991192e+03
1.605524302521800792e+03
1.606247857253337315e+03
1.606936555434116826e+03
1.607590949777899823e+03
1.608211584248513418e+03
1.608798994208815202e+03
1.609353706566859728e+03
1.609876239919331283e+03
1.610367104692295015e+03
1.610826803279332125e+03
1.611255830177110738e+03
1.611654672118444978e+03
1.612023808202902501e+03
1.612363710025001865e+03
1.612674841800061813e+03
1.612957660487739076e+03
1.613212615913314949e+03
1.613440150886767469e+03
1.613640701319678556e+03
1.613814696340022920e+03
1.613962558404875153e+03
1.614084703411085684e+03
1.614181540803958569e+03
1.614253473683977290e+03
1.614300898911615832e+03
1.614324207210269606e+03
1.614323783267352383e+03
1.614300005833584919e+03
1.614253247820520301e+03
1.614183876396334199e+03
1.614092253079915963e+03
1.613978733833299884e+03
1.613843669152454822e+03
1.613687404156481534e+03
1.613510278675232257e+03
1.613312627335396883e+03
1.613094779645074595e+03
1.612857060076866901e+03
1.612599788149515462e+03
1.612323278508117482e+03
1.612027841002942978e+03
1.611713780766876653e+03
1.611381398291519645e+03
1.611030989501969316e+03
1.610662845830302103e+03
1.610277254287788537e+03
1.609874497535859291e+03
1.609454853955848193e+03
1.609018597717534931e+03
1.608565998846508819e+03
1.608097323290376835e+03
1.607612832983835233e+03
1.607112785912629306e+03
1.606597436176415840e+03
1.606067034050558050e+03
1.605521826046861406e+03
1.604962054973278100e+03
1.604387959992596961e+03
1.603799776680133164e+03
1.603197737080443630e+03
1.602582069763078835e+03
1.601952999877394177e+03
1.601310749206431410e+03
1.600655536219894429e+03
1.599987576126231033e+03
1.599307080923836793e+03
1.598614259451401495e+03
1.597909317437404752e+03
1.597192457548788070e+03
1.596463879438806316e+03
1.595723779794081338e+03
1.594972352380869097e+03
1.594209788090553275e+03
1.593436274984382408e+03
1.592651998337459872e+03
1.591857140682005593e+03
1.591051881849895153e+03
1.590236399014495873e+03
1.589410866731808255e+03
1.588575456980927584e+03
1.587730339203834774e+03
1.586875680344531702e+03
1.586011644887529883e+03
1.585138394895705687e+03
1.584256090047531188e+03
1.583364887673694511e+03
1.582464942793117871e+03
1.581556408148385117e+03
1.580639434240588344e+03
1.579714169363605151e+03
1.578780759637813844e+03
1.577839349043259745e+03
1.576890079452280133e+03
1.575933090661595543e+03
1.574968520423883547e+03
1.573996504478832776e+03
1.573017176583698756e+03
1.572030668543359525e+03
1.571037110239887170e+03
1.570036629661638926e+03
1.569029352931878748e+03
1.568015404336936626e+03
1.566994906353912938e+03
1.565967979677937819e+03
1.564934743248990117e+03
1.563895314278285468e+03
1.562849808274241923e+03
1.561798339068026962e+03
1.560741018838695254e+03
1.559677958137926908e+03
1.558609265914366233e+03
1.557535049537573741e+03
1.556455414821595014e+03
1.555370466048156231e+03
1.554280305989486578e+03
1.553185035930781169e+03
1.552084755692303816e+03
1.550979563651142371e+03
1.549869556762618004e+03
1.548754830581353417e+03
1.547635479282009783e+03
1.546511595679696711e+03
1.545383271250058442e+03
1.544250596149042849e+03
1.543113659232362807e+03
1.541972548074644919e+03
1.540827348988284484e+03
1.539678147041999409e+03
1.538525026079094459e+03
1.537368068735441511e+03
1.536207356457174455e+03
1.535042969518111931e+03
1.533874987036904031e+03
1.532703486993914339e+03
1.531528546247838904e+03
1.530350240552063724e+03
1.529168644570770766e+03
1.527983831894793866e+03
1.526795875057226567e+03
1.525604845548789626e+03
1.524410813832960685e+03
1.523213849360869972e+03
1.522014020585964772e+03
1.520811394978449471e+03
1.519606039039500502e+03
1.518398018315266199e+03
1.517187397410647691e+03
1.515974240002870374e+03
1.514758608854845306e+03
1.513540565828327999e+03
1.512320171896874626e+03
1.511097487158598369e+03
1.509872570848734313e+03
1.508645481352009710e+03
1.507416276214826894e+03
1.506185012157260644e+03
1.504951745084872300e+03
1.503716530100345608e+03
1.502479421514944079e+03
1.501240472859796910e+03
1.499999736897011871e+03
1.498757265630621077e+03
1.497513110317360997e+03
1.496267321477290807e+03
1.495019948904247940e+03
1.493771041676148798e+03
1.492520648165134162e+03
1.491268816047559085e+03
1.490015592313837260e+03
1.488761023278133734e+03
1.487505154587915740e+03
1.486248031233356642e+03
1.484989697556603687e+03
1.483730197260903878e+03
1.482469573419595235e+03
1.481207868484963683e+03
1.479945124296967833e+03
1.478681382091834166e+03
1.477416682510525561e+03
1.476151065607081364e+03
1.474884570856837172e+03
1.473617237164520247e+03
1.472349102872226695e+03
1.471080205767279949e+03
1.469810583089973534e+03
1.468540271541199672e+03
1.467269307289965127e+03
1.465997725980796531e+03
1.464725562741037947e+03
1.463452852188039742e+03
1.462179628436241501e+03
1.460905925104154676e+03
1.459631775321237683e+03
1.458357211734675730e+03
1.457082266516057643e+03
1.455806971367956749e+03
1.454531357530417154e+03
1.453255455787342498e+03
1.451979296472794886e+03
1.450702909477199910e+03
1.449426324253462781e+03
1.448149569822996000e+03
1.446872674781658816e+03
1.445595667305610505e+03
1.444318575157080886e+03
1.443041425690054893e+03
1.441764245855877562e+03
1.440487062208776024e+03
1.439209900911304430e+03
1.437932787739707692e+03
1.436655748089210647e+03
1.435378806979230148e+03
1.434101989058511890e+03
1.432825318610195154e+03
1.431548819556803437e+03
1.430272515465165498e+03
1.428996429551264555e+03
1.427720584685017684e+03
1.426445003394990863e+03
1.425169707873042171e+03
1.423894719978901549e+03
1.422620061244685530e+03
1.421345752879346719e+03
1.420071815773061189e+03
1.418798270501552452e+03
1.417525137330356756e+03
1.416252436219024275e+03
1.414980186825264809e+03
1.413708408509032779e+03
1.412437120336553562e+03
1.411166341084297301e+03
1.409896089242891776e+03
1.408626383020984122e+03
1.407357240349046151e+03
1.406088678883126931e+03
1.404820716008553291e+03
1.403553368843577346e+03
1.402286654242974237e+03
