# d_l
0.000000000000000000e+00
3.436910746435339092e+01
6.933955436154111851e+01
1.049079795501112784e+02
1.410709930251205151e+02
1.778251768784695912e+02
2.151670862723653954e+02
2.530932504248158352e+02
2.916001736060878784e+02
3.306843361450224279e+02
3.703421954441340063e+02
4.105701870023872289e+02
4.513647254445695580e+02
4.927222055561775278e+02
5.346390033227332879e+02
5.771114769724571261e+02
6.201359680212558487e+02
6.637088023189479600e+02
7.078262910957221266e+02
7.524847320077893755e+02
7.976804101812346062e+02
8.434095992530893682e+02
8.896685624086520647e+02
9.364535534141253947e+02
9.837608176436447138e+02
1.031586593099813854e+03
1.079927111426864485e+03
1.128778598915613657e+03
1.178137277499396077e+03
1.227999365740188523e+03
1.278361079804161818e+03
1.329218634425950768e+03
1.380568243860925804e+03
1.432406122824817885e+03
1.484728487420048623e+03
1.537531556048177890e+03
1.590811550307888865e+03
1.644564695877980739e+03
1.698787223384849085e+03
1.753475369254017323e+03
1.808625376545221343e+03
1.864233495770711670e+03
1.920295985696323214e+03
1.976809114125041333e+03
2.033769158662686777e+03
2.091172407465482593e+03
2.149015159969245360e+03
2.207293727599957037e+03
2.266004434465562554e+03
2.325143618028799665e+03
2.384707629760955115e+03
2.444692835776412267e+03
2.505095617447950644e+03
2.565912372002704160e+03
2.627139513098782572e+03
2.688773471382537537e+03
2.750810695026504163e+03
2.813247650248052651e+03
2.876080821808831388e+03
2.939306713495069289e+03
3.002921848578878780e+03
3.066922770260629022e+03
3.131306042092617645e+03
3.196068248384112849e+03
3.261205994588035992e+03
3.326715907669395619e+03
3.392594636455757609e+03
3.458838851969914685e+03
3.525445247745054985e+03
3.592410540122601105e+03
3.659731468533072075e+03
3.727404795760148772e+03
3.795427308188309780e+03
3.863795816034250947e+03
3.932507153562437907e+03
4.001558179285075767e+03
4.070945776146816115e+03
4.140666851694511024e+03
4.210718338232331917e+03
4.281097192962603003e+03
4.351800398112643961e+03
4.422824961048000660e+03
4.494167914372352243e+03
4.565826316014457916e+03
4.637797249302489945e+03
4.710077823026079386e+03
4.782665171486381951e+03
4.855556454534609657e+03
4.928748857599197436e+03
5.002239591959207246e+03
5.076025894394168063e+03
5.150105026713503321e+03
5.224474276713222935e+03
5.299130957745414889e+03
5.374072408684849506e+03
5.449295993886684300e+03
5.524799103135463156e+03
5.600579151585872751e+03
5.676633579695417211e+03
5.752959853149449373e+03
5.829555462778745095e+03
5.906417924470018079e+03
5.983544779069592551e+03
6.060933592280543053e+03
6.138581954553611467e+03
6.216487480972135927e+03
6.294647811131282651e+03
6.373060609011829001e+03
6.451723562848789697e+03
6.530634384995110850e+03
6.609790811780689182e+03
6.689190603366933829e+03
6.768831543597169002e+03
6.848711439843044900e+03
6.928828122847206032e+03
7.009179446562431622e+03
7.089763287987465446e+03
7.170577546999753395e+03
7.251620146185253361e+03
7.332889030665550308e+03
7.414382167922432927e+03
7.496097547620158366e+03
7.578033181425548719e+03
7.660187102826097544e+03
7.742557366946251932e+03
7.825142050362055670e+03
7.907939250914290824e+03
7.990947087520261448e+03
8.074163699984368577e+03
8.157587248807645665e+03
8.241215914996364518e+03
8.325047899869836328e+03
8.409081424867541500e+03
8.493314731355738331e+03
8.577746080433627867e+03
8.662373752739205884e+03
8.747196048254896596e+03
8.832211286113097231e+03
8.917417804401726244e+03
9.002813959969840653e+03
9.088398128233440730e+03
9.174168702981554816e+03
9.260124096182687936e+03
9.346262737791670588e+03
9.432583075557058692e+03
9.519083574829075587e+03
9.605762718368230708e+03
9.692619006154680392e+03
9.779650955198316296e+03
9.866857099349723285e+03
9.954235989112041352e+03
1.004178619145377888e+04
1.012950628962261544e+04
1.021739488296024683e+04
1.030545058671835068e+04
1.039367203187568884e+04
1.048205786495636676e+04
1.057060674784931507e+04
1.065931735762902827e+04
1.074818838637760382e+04
1.083721854100807650e+04
1.092640654308908051e+04
1.101575112867092503e+04
1.110525104811304300e+04
1.119490506591286066e+04
1.128471196053608946e+04
1.137467052424850954e+04
1.146477956294922660e+04
1.155503789600539130e+04
1.164544435608845379e+04
1.173599778901192622e+04
1.182669705357068415e+04
1.191754102138180860e+04
1.200852857672698701e+04
1.209965861639643845e+04
1.219093004953444870e+04
1.228234179748645329e+04
1.237389279364769391e+04
1.246558198331344465e+04
1.255740832353083533e+04
1.264937078295225547e+04
1.274146834169031354e+04
1.283369999117440057e+04
1.292606473400880532e+04
1.301856158383245020e+04
1.311118956518015329e+04
1.320394771334546385e+04
1.329683507424508934e+04
1.338985070428485960e+04
1.348299367022725346e+04
1.357626304906045152e+04
1.366965792786894963e+04
1.376317740370570209e+04
1.385682058346576923e+04
1.395058658376151106e+04
1.404447453079923980e+04
1.413848356025742760e+04
1.423261281716635312e+04
1.432686145578925789e+04
1.442122863950493229e+04
1.451571354069180234e+04
1.461031534061342791e+04
1.470503322930543618e+04
1.479986640546392118e+04
1.489481407633516756e+04
1.498987545760686044e+04
1.508504977330063957e+04
1.518033625566601404e+04
1.527573414507567941e+04
1.537124268992213729e+04
1.546686114651570097e+04
1.556258877898376886e+04
1.565842485917145677e+04
1.575436866654349069e+04
1.585041948808742382e+04
1.594657661821806323e+04
1.604283935868322078e+04
1.613920701847065357e+04
1.623567891371628139e+04
1.633225436761357560e+04
1.642893271032419216e+04
1.652571327888976157e+04
1.662259541714487204e+04
1.671957847563122414e+04
1.681666181151293495e+04
1.691384478849293373e+04
1.701112677673055441e+04
1.710850715276017581e+04
1.720598529941100787e+04
1.730356060572791466e+04
1.740123246689333973e+04
1.749900028415027919e+04
1.759686346472629884e+04
1.769482142175858826e+04
1.779287357422002242e+04
1.789101934684623484e+04
1.798925817006368379e+04
1.808758947991870082e+04
1.818601271800750328e+04
1.828452733140718192e+04
1.838313277260757241e+04
1.848182849944414193e+04
1.858061397503171975e+04
1.867948866769919550e+04
1.877845205092504693e+04
1.887750360327382805e+04
1.897664280833343219e+04
1.907586915465331913e+04
1.917518213568350984e+04
1.927458124971445795e+04
1.937406599981771797e+04
1.947363589378747565e+04
1.957329044408281334e+04
1.967302916777083738e+04
1.977285158647051503e+04
1.987275722629736265e+04
1.997274561780879958e+04
2.007281629595034974e+04
2.017296880000251258e+04
2.027320267352836527e+04
2.037351746432193977e+04
2.047391272435723295e+04
2.057438800973798061e+04
2.067494288064807188e+04
2.077557690130267656e+04
2.087628963990000557e+04
2.097708066857378435e+04
2.107794956334631934e+04
2.117889590408225558e+04
2.127991927444290195e+04
2.138101926184129115e+04
2.148219545739768364e+04
2.158344745589589002e+04
2.168477485573998274e+04
2.178617725891176815e+04
2.188765427092868049e+04
2.198920550080241810e+04
2.209083056099797614e+04
2.219252906739337413e+04
2.229430063923982016e+04
2.239614489912250065e+04
2.249806147292183960e+04
2.260004998977533978e+04
2.270211008203987512e+04
2.280424138525453600e+04
2.290644353810399116e+04
2.300871618238227893e+04
2.311105896295717685e+04
2.321347152773493508e+04
2.331595352762562106e+04
2.341850461650880970e+04
2.352112445119980475e+04
2.362381269141628945e+04
2.372656899974541739e+04
2.382939304161136170e+04
2.393228448524329724e+04
2.403524300164376837e+04
2.413826826455756600e+04
2.424135995044091032e+04
2.434451773843112824e+04
2.444774131031670186e+04
2.455103035050770632e+04
2.465438454600665500e+04
2.475780358637973404e+04
2.486128716372837516e+04
2.496483497266129780e+04
2.506844671026677315e+04
2.517212207608542667e+04
2.527586077208324787e+04
2.537966250262505491e+04
2.548352697444824662e+04
2.558745389663692549e+04
2.569144298059637367e+04
2.579549394002779809e+04
2.589960649090351944e+04
2.600378035144232854e+04
2.610801524208534101e+04
2.621231088547200125e+04
2.631666700641651551e+04
2.642108333188452161e+04
2.652555959097009691e+04
2.663009551487302087e+04
2.673469083687641614e+04
2.683934529232454952e+04
2.694405861860105870e+04
2.704883055510733539e+04
2.715366084324127951e+04
2.725854922637625714e+04
2.736349544984036766e+04
2.746849926089594737e+04
2.757356040871937512e+04
2.767867864438107790e+04
2.778385372082584581e+04
2.788908539285337247e+04
2.799437341709901011e+04
2.809971755201482665e+04
2.820511755785087007e+04
2.831057319663666931e+04
2.841608423216293522e+04
2.852165042996359989e+04
2.862727155729791411e+04
2.873294738313295238e+04
2.883867767812618331e+04
2.894446221460833840e+04
2.905030076656648089e+04
2.915619310962727104e+04
2.926213902104042427e+04
2.936813827966246026e+04
2.947419066594049946e+04
2.958029596189642689e+04
2.968645395111112884e+04
2.979266441870898416e+04
2.989892715134252285e+04
3.000524193717727030e+04
3.011160856587679518e+04
3.021802682858793196e+04
3.032449651792616351e+04
3.043101742796121471e+04
3.053758935420280977e+04
3.064421209358657870e+04
3.075088544446016385e+04
3.085760920656947565e+04
3.096438318104514474e+04
3.107120717038905786e+04
3.117808097846118471e+04
3.128500441046642663e+04
3.139197727294172000e+04
3.149899937374325964e+04
3.160607052203385683e+04
3.171319052827046107e+04
3.182035920419186368e+04
3.192757636280646693e+04
3.203484181838031509e+04
3.214215538642510728e+04
3.224951688368655596e+04
3.235692612813267624e+04
3.246438293894235176e+04
3.257188713649398778e+04
3.267943854235429171e+04
3.278703697926716995e+04
3.289468227114281763e+04
3.300237424304685555e+04
3.311011272118966735e+04
3.321789753291579837e+04
3.332572850669350737e+04
3.343360547210442746e+04
3.354152825983338698e+04
3.364949670165827411e+04
3.375751063044004695e+04
3.386556988011294015e+04
3.397367428567461320e+04
3.408182368317661167e+04
3.419001790971474838e+04
3.429825680341973202e+04
3.440654020344783203e+04
3.451486794997166726e+04
3.462323988417108922e+04
3.473165584822423989e+04
3.484011568529852957e+04
3.494861923954196391e+04
3.505716635607436183e+04
