# d_m
0.000000000000000000e+00
3.402881927163701903e+01
6.797995525641286463e+01
1.018524073302051249e+02
1.356451856010774009e+02
1.693573113128281875e+02
2.029878172380805381e+02
2.365357480605755427e+02
2.700001607463776736e+02
3.033801249036902732e+02
3.366747231310308734e+02
3.698830513535019691e+02
4.030042191469370891e+02
4.360373500497146892e+02
4.689815818620467098e+02
5.018360669325714980e+02
5.345999724321171698e+02
5.672724806144855165e+02
5.998527890641713611e+02
6.323401109309154435e+02
6.647336751510288195e+02
6.970327266554457992e+02
7.292365265644689316e+02
7.613443523692076269e+02
7.933554980997134862e+02
8.252692744798509921e+02
8.570850090689400531e+02
8.888020463902469146e+02
9.204197480464031287e+02
9.519374928218514924e+02
9.833546767724321853e+02
1.014670713302252466e+03
1.045885033227973963e+03
1.076997084830690028e+03
1.108006333895558555e+03
1.138912263739390937e+03
1.169714375226388938e+03
1.200412186772248560e+03
1.231005234336847252e+03
1.261493071405767751e+03
1.291875268960872518e+03
1.322151415440220944e+03
1.352321116687551694e+03
1.382383995891637369e+03
1.412339693515754789e+03
1.442187867217574194e+03
1.471928191759757055e+03
1.501560358911535332e+03
1.531084077341596185e+03
1.560499072502550234e+03
1.589805086507303486e+03
1.619001877997623978e+03
1.648089222005230567e+03
1.677066909805688965e+03
1.705934748765443146e+03
1.734692562182282245e+03
1.763340189119553770e+03
1.791877484234428266e+03
1.820304317600526019e+03
1.848620574525200936e+03
1.876826155361799238e+03
1.904920975317161037e+03
1.932904964254702008e+03
1.960778066493320921e+03
1.988540240602460926e+03
2.016191459193573110e+03
2.043731708708287442e+03
2.071160989203541703e+03
2.098479314133960997e+03
2.125686710131716609e+03
2.152783216784159777e+03
2.179768886409443894e+03
2.206643783830412758e+03
2.233407986146965868e+03
2.260061582507148159e+03
2.286604673877186087e+03
2.313037372810691068e+03
2.339359803217238095e+03
2.365572100130523722e+03
2.391674409476314395e+03
2.417666887840357504e+03
2.443549702236464327e+03
2.469323029874918575e+03
2.494987057931397430e+03
2.520541983316570622e+03
2.545988012446529410e+03
2.571325361014184182e+03
2.596554253761823020e+03
2.621674924254892630e+03
2.646687614793231205e+03
2.671592575996930918e+03
2.696390066342148202e+03
2.721080352454803688e+03
2.745663708676380338e+03
2.770140416847860706e+03
2.794510766095735107e+03
2.818775052620134375e+03
2.842933579485214523e+03
2.866986656411826971e+03
2.890934599572587558e+03
2.914777731389372548e+03
2.938516380333342568e+03
2.962150880727520871e+03
2.985681572551991394e+03
3.009108801251770274e+03
3.032432917547383568e+03
3.055654277248195285e+03
3.078773241068516199e+03
3.101790174446533456e+03
3.124705447366081899e+03
3.147519434181280303e+03
3.170232513444043889e+03
3.192845067734513577e+03
3.215357483494387452e+03
3.237770150863180334e+03
3.260083463517409655e+03
3.282297818512715367e+03
3.304413616128918875e+03
3.326431259718006459e+03
3.348351155555045807e+03
3.370173712692014760e+03
3.391899342814551346e+03
3.413528460101598739e+03
3.435061481087936045e+03
3.456498824529576268e+03
3.477840911272024641e+03
3.499088164121367754e+03
3.520241007718176661e+03
3.541299868414196226e+03
3.562265174151810243e+03
3.583137354346245957e+03
3.603916839770492061e+03
3.624604062442905615e+03
3.645199455517483784e+03
3.665703453176764015e+03
3.686116490527321275e+03
3.706439003497836893e+03
3.726671428739703515e+03
3.746814203530137547e+03
3.766867765677757689e+03
3.786832553430599546e+03
3.806709005386537228e+03
3.826497560406069169e+03
3.846198657527436808e+03
3.865812735884040649e+03
3.885340234624111872e+03
3.904781592832614479e+03
3.924137249455336587e+03
3.943407643225127231e+03
3.962593212590250005e+03
3.981694395644816268e+03
4.000711630061266987e+03
4.019645353024847282e+03
4.038496001170057298e+03
4.057264010519035764e+03
4.075949816421838932e+03
4.094553853498580793e+03
4.113076555583390473e+03
4.131518355670165874e+03
4.149879685860079007e+03
4.168160977310798444e+03
4.186362660187386609e+03
4.204485163614856901e+03
4.222528915632336066e+03
4.240494343148810913e+03
4.258381871900410260e+03
4.276191926409213920e+03
4.293924929943530515e+03
4.311581304479624123e+03
4.329161470664852459e+03
4.346665847782194760e+03
4.364094853716119360e+03
4.381448904919782763e+03
4.398728416383512013e+03
4.415933801604539440e+03
4.433065472557981593e+03
4.450123839669005065e+03
4.467109311786171020e+03
4.484022296155914773e+03
4.500863198398148597e+03
4.517632422482948641e+03
4.534330370708296869e+03
4.550957443678865275e+03
4.567514040285796909e+03
4.584000557687482797e+03
4.600417391291282001e+03
4.616764934736175746e+03
4.633043579876337390e+03
4.649253716765576428e+03
4.665395733642648338e+03
4.681470016917396606e+03
4.697476951157714211e+03
4.713416919077295461e+03
4.729290301524153620e+03
4.745097477469901605e+03
4.760838823999742090e+03
4.776514716303185196e+03
4.792125527665439222e+03
4.807671629459482574e+03
4.823153391138773259e+03
4.838571180230600476e+03
4.853925362330041935e+03
4.869216301094515075e+03
4.884444358238917630e+03
4.899609893531304806e+03
4.914713264789134882e+03
4.929754827876025956e+03
4.944734936699027458e+03
4.959653943206389158e+03
4.974512197385804939e+03
4.989310047263129491e+03
5.004047838901533396e+03
5.018725916401107497e+03
5.033344621898879268e+03
5.047904295569243004e+03
5.062405275624782007e+03
5.076847898317474574e+03
5.091232497940269241e+03
5.105559406829019281e+03
5.119828955364757348e+03
5.134041471976310277e+03
5.148197283143227651e+03
5.162296713399028704e+03
5.176340085334744799e+03
5.190327719602757497e+03
5.204259934920902197e+03
5.218137048076856445e+03
5.231959373932775634e+03
5.245727225430185172e+03
5.259440913595110942e+03
5.273100747543436228e+03
5.286707034486488737e+03
5.300260079736836815e+03
5.313760186714291194e+03
5.327207656952102298e+03
5.340602790103353982e+03
5.353945883947524635e+03
5.367237234397240172e+03
5.380477135505178921e+03
5.393665879471144763e+03
5.406803756649285788e+03
5.419891055555466664e+03
5.432928062874771967e+03
5.445915063469153210e+03
5.458852340385188654e+03
5.471740174861978630e+03
5.484578846339141819e+03
5.497368632464933398e+03
5.510109809104456872e+03
5.522802650347981398e+03
5.535447428519348250e+03
5.548044414184465495e+03
5.560593876159889987e+03
5.573096081521483029e+03
5.585551295613139700e+03
5.597959782055594587e+03
5.610321802755280260e+03
5.622637617913263966e+03
5.634907486034221620e+03
5.647131663935478173e+03
5.659310406756094380e+03
5.671443967965992670e+03
5.683532599375133032e+03
5.695576551142719836e+03
5.707576071786449575e+03
5.719531408191782248e+03
5.731442805621252774e+03
5.743310507723793307e+03
5.755134756544091033e+03
5.766915792531952320e+03
5.778653854551699624e+03
5.790349179891559288e+03
5.802002004273088460e+03
5.813612561860585629e+03
5.825181085270525728e+03
5.836707805580981585e+03
5.848192952341068121e+03
5.859636753580364712e+03
5.871039435818353013e+03
5.882401224073831145e+03
5.893722341874341510e+03
5.905003011265574969e+03
5.916243452820769562e+03
5.927443885650097400e+03
5.938604527410035189e+03
5.949725594312724752e+03
5.960807301135305352e+03
5.971849861229244198e+03
5.982853486529622387e+03
5.993818387564427212e+03
6.004744773463797173e+03
6.015632851969259718e+03
6.026482829442930779e+03
6.037294910876696122e+03
6.048069299901360864e+03
6.058806198795770797e+03
6.069505808495900965e+03
6.080168328603920600e+03
6.090793957397213489e+03
6.101382891837375610e+03
6.111935327579175464e+03
6.122451458979478048e+03
6.132931479106133338e+03
6.143375579746832045e+03
6.153783951417914977e+03
6.164156783373158760e+03
6.174494263612505165e+03
6.184796578890767705e+03
6.195063914726286384e+03
6.205296455409548798e+03
6.215494384011767579e+03
6.225657882393413274e+03
6.235787131212711756e+03
6.245882309934091609e+03
6.255943596836597862e+03
6.265971169022247523e+03
6.275965202424360541e+03
6.285925871815828032e+03
6.295853350817348655e+03
6.305747811905614071e+03
6.315609426421451644e+03
6.325438364577914399e+03
6.335234795468343691e+03
6.344998887074360937e+03
6.354730806273833878e+03
6.364430718848784636e+03
6.374098789493258664e+03
6.383735181821138212e+03
6.393340058373917600e+03
6.402913580628425734e+03
6.412455909004504974e+03
6.421967202872639064e+03
6.431447620561538315e+03
6.440897319365674775e+03
6.450316455552767366e+03
6.459705184371225187e+03
6.469063660057539892e+03
6.478392035843631675e+03
6.487690463964140690e+03
6.496959095663689368e+03
6.506198081204071059e+03
6.515407569871417763e+03
6.524587709983299646e+03
6.533738648895788174e+03
6.542860533010469226e+03
6.551953507781408916e+03
6.561017717722068483e+03
6.570053306412182792e+03
6.579060416504575187e+03
6.588039189731943225e+03
6.596989766913584390e+03
6.605912287962080882e+03
6.614806891889938925e+03
6.623673716816174419e+03
6.632512899972862215e+03
6.641324577711632628e+03
6.650108885510122491e+03
6.658865957978383449e+03
6.667595928865242058e+03
6.676298931064614408e+03
6.684975096621775265e+03
6.693624556739583568e+03
6.702247441784663351e+03
6.710843881293532831e+03
6.719414003978702567e+03
6.727957937734714505e+03
6.736475809644145556e+03
6.744967745983567511e+03
6.753433872229456938e+03
6.761874313064065063e+03
6.770289192381247631e+03
6.778678633292243831e+03
6.787042758131421579e+03
6.795381688461967315e+03
6.803695545081551245e+03
6.811984448027931649e+03
6.820248516584528261e+03
6.828487869285952002e+03
6.836702623923491956e+03
6.844892897550556881e+03
6.853058806488085793e+03
6.861200466329906703e+03
6.869317991948063536e+03
6.877411497498094832e+03
6.885481096424277894e+03
6.893526901464831099e+03
6.901549024657076188e+03
6.909547577342560544e+03
6.917522670172140351e+03
6.925474413111029207e+03
6.933402915443798520e+03
6.941308285779350626e+03
6.949190632055843707e+03
6.957050061545584867e+03
6.964886680859885018e+03
6.972700595953871925e+03
6.980491912131268691e+03
6.988260734049141320e+03
6.996007165722596255e+03
7.003731310529451548e+03
7.011433271214871638e+03
