# d_v
0.000000000000000000e+00
3.401592305188233922e+01
6.792790360512148595e+01
1.017342471003004505e+02
1.354332784208742737e+02
1.690233428020337385e+02
2.025028067151793039e+02
2.358700587271127915e+02
2.691235103331214304e+02
3.022615967631629701e+02
3.352827777604327935e+02
3.681855383316294024e+02
4.009683894683016092e+02
4.336298688387154812e+02
4.661685414497295596e+02
4.985830002782270185e+02
5.308718668717190212e+02
5.630337919177687809e+02
5.950674557819722850e+02
6.269715690142622861e+02
6.587448728233722477e+02
6.903861395193559929e+02
7.218941729240962104e+02
7.532678087498148898e+02
7.845059149456250225e+02
8.156073920122398704e+02
8.465711732849841837e+02
8.773962251853214411e+02
9.080815474411444939e+02
9.386261732761308849e+02
9.690291695685025388e+02
9.992896369795838609e+02
1.029406710052576500e+03
1.059379557282027008e+03
1.089207381154479663e+03
1.118889418160864352e+03
1.148424938781184665e+03
1.177813247442109969e+03
1.207053682448100517e+03
1.236145615886733594e+03
1.265088453508894418e+03
1.293881634584560061e+03
1.322524631734879222e+03
1.351016950741309302e+03
1.379358130332556811e+03
1.407547741950098498e+03
1.435585389493077400e+03
1.463470709043349871e+03
1.491203368571507099e+03
1.518783067624663772e+03
1.546209536996838324e+03
1.573482538382733310e+03
1.600601864015738556e+03
1.627567336290966523e+03
1.654378807374135704e+03
1.681036158797113103e+03
1.707539301040914552e+03
1.733888173106961403e+03
1.760082742077383273e+03
1.786123002665140802e+03
1.812008976754744481e+03
1.837740712934309840e+03
1.863318286019717789e+03
1.888741796571579016e+03
1.914011370405746902e+03
1.939127158098053997e+03
1.964089334483974881e+03
1.988898098153866840e+03
2.013553670944452278e+03
2.038056297427158597e+03
2.062406244393945599e+03
2.086603800341199531e+03
2.110649274952284031e+03
2.134542998579292089e+03
2.158285321724539244e+03
2.181876614522324417e+03
2.205317266221442424e+03
2.228607684668933871e+03
2.251748295795529430e+03
2.274739543103228243e+03
2.297581887155420645e+03
2.320275805069969465e+03
2.342821790015616443e+03
2.365220350712078471e+03
2.387472010934178797e+03
2.409577309020336543e+03
2.431536797385706905e+03
2.453351042040281754e+03
2.475020622112192541e+03
2.496546141222019742e+03
2.517928180042420991e+03
2.539167365690299448e+03
2.560264325112183087e+03
2.581219696075757838e+03
2.602034126729179661e+03
2.622708275167022293e+03
2.643242809002996637e+03
2.663638404949584583e+03
2.683895748404680944e+03
2.704015533045361735e+03
2.723998460428854287e+03
2.743845239600797868e+03
2.763556586710846204e+03
2.783133224635674196e+03
2.802575882609430664e+03
2.821885295861661689e+03
2.841062205262740008e+03
2.860107356976800929e+03
2.879021502122192032e+03
2.897805396439443939e+03
2.916459799966728042e+03
2.934985476722797102e+03
2.953383194397378702e+03
2.971653724048981530e+03
2.989797839810078585e+03
3.007816318599615443e+03
3.025709939842797212e+03
3.043479485198091425e+03
3.061125738291379548e+03
3.078649484457202561e+03
3.096051510487010546e+03
3.113332604384354454e+03
3.130493555126933188e+03
3.147535152435413238e+03
3.164458186548930371e+03
3.181263448007193347e+03
3.197951727439087335e+03
3.214523815357689273e+03
3.230980501961589198e+03
3.247322576942432534e+03
3.263550829298570079e+03
3.279666047154721582e+03
3.295669017587545113e+03
3.311560526457009018e+03
3.327341358243466402e+03
3.343012295890318455e+03
3.358574120652163401e+03
3.374027611948330104e+03
3.389373547221675835e+03
3.404612701802559059e+03
3.419745848777860374e+03
3.434773758864963838e+03
3.449697200290579985e+03
3.464516938674304129e+03
3.479233736916815360e+03
3.493848355092595739e+03
3.508361550347080538e+03
3.522774076798125861e+03
3.537086685441694044e+03
3.551300124061653150e+03
3.565415137143595530e+03
3.579432465792571293e+03
3.593352847654637571e+03
3.607177016842129433e+03
3.620905703862550581e+03
3.634539635551000174e+03
3.648079535006028436e+03
3.661526121528837393e+03
3.674880110565736231e+03
3.688142213653757153e+03
3.701313138369350327e+03
3.714393588280058339e+03
3.727384262899105124e+03
3.740285857642797509e+03
3.753099063790669334e+03
3.765824568448275841e+03
3.778463054512574672e+03
3.791015200639803425e+03
3.803481681215779645e+03
3.815863166328554144e+03
3.828160321743341683e+03
3.840373808879654916e+03
3.852504284790572456e+03
3.864552402144082862e+03
3.876518809206414971e+03
3.888404149827315905e+03
3.900209063427188539e+03
3.911934184986048876e+03
3.923580145034214183e+03
3.935147569644695977e+03
3.946637080427207366e+03
3.958049294523752451e+03
3.969384824605721860e+03
3.980644278872460291e+03
3.991828261051237860e+03
4.002937370398579787e+03
4.013972201702903021e+03
4.024933345288416149e+03
4.035821387020222573e+03
4.046636908310597391e+03
4.057380486126374308e+03
4.068052692997417125e+03
4.078654097026116688e+03
4.089185261897882810e+03
4.099646746892589363e+03
4.110039106896922931e+03
4.120362892417611874e+03
4.130618649595487113e+03
4.140806920220348729e+03
4.150928241746585627e+03
4.160983147309541891e+03
4.170972165742564357e+03
4.180895821594730478e+03
4.190754635149200112e+03
4.200549122442173939e+03
4.210279795282429404e+03
4.219947161271407822e+03
4.229551723823801694e+03
4.239093982188656810e+03
4.248574431470929085e+03
4.257993562653481604e+03
4.267351862619500935e+03
4.276649814175312713e+03
4.285887896073556476e+03
4.295066583036719749e+03
4.304186345780992269e+03
4.313247651040430355e+03
4.322250961591407759e+03
4.331196736277334821e+03
4.340085430033623197e+03
4.348917493912887949e+03
4.357693375110354282e+03
4.366413516989468917e+03
4.375078359107688811e+03
4.383688337242434500e+03
4.392243883417190773e+03
4.400745425927752876e+03
4.409193389368577300e+03
4.417588194659256260e+03
4.425930259071075852e+03
4.434219996253661520e+03
4.442457816261691733e+03
4.450644125581670778e+03
4.458779327158745218e+03
4.466863820423563993e+03
4.474898001319153082e+03
4.482882262327817443e+03
4.490816992498041145e+03
4.498702577471387485e+03
4.506539399509388204e+03
4.514327837520409958e+03
4.522068267086493506e+03
4.529761060490155614e+03
4.537406586741148203e+03
4.545005211603165662e+03
4.552557297620495774e+03
4.560063204144602423e+03
4.567523287360641007e+03
4.574937900313892897e+03
4.582307392936126234e+03
4.589632112071853953e+03
4.596912401504517220e+03
4.604148601982547007e+03
4.611341051245346534e+03
4.618490084049148209e+03
4.625596032192771418e+03
4.632659224543250275e+03
4.639679987061355860e+03
4.646658642826983851e+03
4.653595512064422110e+03
4.660490912167480019e+03
4.667345157724495039e+03
4.674158560543191015e+03
4.680931429675404615e+03
4.687664071441667147e+03
4.694356789455640865e+03
4.701009884648413390e+03
4.707623655292633885e+03
4.714198397026507337e+03
4.720734402877630600e+03
4.727231963286676546e+03
4.733691366130915412e+03
4.740112896747592458e+03
4.746496837957125535e+03
4.752843470086166235e+03
4.759153070990470951e+03
4.765425916077642796e+03
4.771662278329677065e+03
4.777862428325362089e+03
4.784026634262510015e+03
4.790155161980013872e+03
4.796248274979759117e+03
4.802306234448335090e+03
4.808329299278607323e+03
4.814317726091110671e+03
4.820271769255273284e+03
4.826191680910469586e+03
4.832077710986917737e+03
4.837930107226387918e+03
4.843749115202759640e+03
4.849534978342401701e+03
4.855287937944385703e+03
4.861008233200527684e+03
4.866696101215268754e+03
4.872351777025380215e+03
4.877975493619501322e+03
4.883567481957518794e+03
4.889127970989769892e+03
4.894657187676077228e+03
4.900155357004630787e+03
4.905622702010688045e+03
4.911059443795122206e+03
4.916465801542795816e+03
4.921841992540783394e+03
4.927188232196413082e+03
4.932504734055167319e+03
4.937791709818397976e+03
4.943049369360903256e+03
4.948277920748332690e+03
4.953477570254429338e+03
4.958648522378126472e+03
4.963790979860467814e+03
4.968905143701395900e+03
4.973991213176362180e+03
4.979049385852786145e+03
4.984079857606375299e+03
4.989082822637276877e+03
4.994058473486080402e+03
4.999007001049670180e+03
5.003928594596932271e+03
5.008823441784303213e+03
5.013691728671176861e+03
5.018533639735164797e+03
5.023349357887201222e+03
5.028139064486517782e+03
5.032902939355460148e+03
5.037641160794169991e+03
5.042353905595118704e+03
5.047041349057509251e+03
5.051703665001527042e+03
5.056341025782462566e+03
5.060953602304684864e+03
5.065541564035491319e+03
5.070105079018811011e+03
5.074644313888778015e+03
5.079159433883173733e+03
5.083650602856730075e+03
5.088117983294308942e+03
5.092561736323948935e+03
5.096982021729776534e+03
5.101378997964799964e+03
5.105752822163573001e+03
5.110103650154723255e+03
5.114431636473374965e+03
5.118736934373426266e+03
5.123019695839722772e+03
5.127280071600095653e+03
5.131518211137291473e+03
5.135734262700772888e+03
5.139928373318404738e+03
5.144100688808021914e+03
5.148251353788890810e+03
5.152380511693038898e+03
5.156488304776478799e+03
5.160574874130330500e+03
5.164640359691804406e+03
5.168684900255104367e+03
5.172708633482202458e+03
5.176711695913504627e+03
5.180694222978421749e+03
5.184656349005817901e+03
5.188598207234368601e+03
5.192519929822798076e+03
5.196421647860028315e+03
5.200303491375220801e+03
5.204165589347705463e+03
5.208008069716825958e+03
5.211831059391674899e+03
5.215634684260734502e+03
5.219419069201416278e+03
5.223184338089508856e+03
5.226930613808523958e+03
5.230658018258955053e+03
5.234366672367431420e+03
5.238056696095793995e+03
5.241728208450062994e+03
5.245381327489331852e+03
5.249016170334548406e+03
5.252632853177236029e+03
5.256231491288099278e+03
5.259812199025554946e+03
5.263375089844179456e+03
5.266920276303063474e+03
5.270447870074081948e+03
5.273957981950088652e+03
5.277450721853015239e+03
5.280926198841898440e+03
5.284384521120820864e+03
5.287825796046771757e+03
5.291250130137432279e+03
5.294657629078869832e+03
5.298048397733174170e+03
5.301422540145993480e+03
5.304780159554016791e+03
5.308121358392356342e+03
5.311446238301880840e+03
5.314754900136452306e+03
5.318047443970104723e+03
5.321323969104139906e+03
5.324584574074162447e+03
5.327829356657031894e+03
