# f_ap
0.000000000000000000e+00
1.001137800341924539e-02
2.004601191387750392e-02
3.010465283056627459e-02
4.018805326300053937e-02
5.029696681440169737e-02
6.043214786767081570e-02
7.059435127421188894e-02
8.078433204586726868e-02
9.100284505021292991e-02
1.012506447094633499e-01
1.115284847032184667e-01
1.218371176752860718e-01
1.321772949448017653e-01
1.425497662218583594e-01
1.529552793278494971e-01
1.633945799207286997e-01
1.738684112253626179e-01
1.843775137691637533e-01
1.949226251231659934e-01
2.055044796487029146e-01
2.161238082498378732e-01
2.267813381316810539e-01
2.374777925647267030e-01
2.482138906553226221e-01
2.589903471223862219e-01
2.698078720804575892e-01
2.806671708291830769e-01
2.915689436493033027e-01
3.025138856052137504e-01
3.135026863541542919e-01
3.245360299620762001e-01
3.356145947262217932e-01
3.467390530044492936e-01
3.579100710513142269e-01
3.691283088609237928e-01
3.803944200165599865e-01
3.917090515470652012e-01
4.030728437899684935e-01
4.144864302613385232e-01
4.259504375323124314e-01
4.374654851122784516e-01
4.490321853386460282e-01
4.606511432731635880e-01
4.723229566047066896e-01
4.840482155584789892e-01
4.958275028115436966e-01
5.076613934146066986e-01
5.195504547199640832e-01
5.314952463155205864e-01
5.434963199647844245e-01
5.555542195527324312e-01
5.676694810374451894e-01
5.798426324073937543e-01
5.920741936442732722e-01
6.043646766912610380e-01
6.167145854265756455e-01
6.291244156422243217e-01
6.415946550278019966e-01
6.541257831592203198e-01
6.667182714922388342e-01
6.793725833606581999e-01
6.920891739790577812e-01
7.048684904499259440e-01
7.177109717750690399e-01
7.306170488711423161e-01
7.435871445891900633e-01
7.566216737380380142e-01
7.697210431114249740e-01
7.828856515187130327e-01
7.961158898190729971e-01
8.094121409589785099e-01
8.227747800129069367e-01
8.362041742270899247e-01
8.497006830662011678e-01
8.632646582628435983e-01
8.768964438697082198e-01
8.905963763142864531e-01
9.043647844560013249e-01
9.182019896456429242e-01
9.321083057869854471e-01
9.460840394004685905e-01
9.601294896888237229e-01
9.742449486045368090e-01
9.884307009190351767e-01
1.002687024293484219e+00
1.017014189351087561e+00
1.031412459750807198e+00
1.045882092262361729e+00
1.060423322083377640e+00
1.075036421643402074e+00
1.089721613053428406e+00
1.104479126298946401e+00
1.119309184867405493e+00
1.134212005829036363e+00
1.149187801069392112e+00
1.164236772792705876e+00
1.179359120434681829e+00
1.194555036217070709e+00
1.209824706356943169e+00
1.225168311150330869e+00
1.240586025461475339e+00
1.256078017193717145e+00
1.271644449780891417e+00
1.287285480674839944e+00
1.303001261826650437e+00
1.318791939770693755e+00
1.334657655708521462e+00
1.350598546882824325e+00
1.366614741524507792e+00
1.382706366603919212e+00
1.398873542825921801e+00
1.415116385978344216e+00
1.431435007014076888e+00
1.447829512132729146e+00
1.464300002861808059e+00
1.480846576719676788e+00
1.497469324976661298e+00
1.514168336197900144e+00
1.530943694023478185e+00
1.547795477818926679e+00
1.564723762752860736e+00
1.581728619873953523e+00
1.598810116187190822e+00
1.615968314729411048e+00
1.633203274644106529e+00
1.650515052755218814e+00
1.667903697665300555e+00
1.685369258754939370e+00
1.702911780326805902e+00
1.720531303152528224e+00
1.738227864542724044e+00
1.756001498416191797e+00
1.773852235368261754e+00
1.791780102738295577e+00
1.809785124676319912e+00
1.827867322208795331e+00
1.846026713303526634e+00
1.864263313485045703e+00
1.882577133700271910e+00
1.900968183665156852e+00
1.919436469744365992e+00
1.937981995555259296e+00
1.956604762027517985e+00
1.975304767461893540e+00
1.994082007588073413e+00
2.012936475621672550e+00
2.031868162320349835e+00
2.050877056039052793e+00
2.069963142784386090e+00
2.089126406268120295e+00
2.108366829764295236e+00
2.127684388966741391e+00
2.147079062796289683e+00
2.166550826303349275e+00
2.186099652498235901e+00
2.205725512399608679e+00
2.225428375082064480e+00
2.245208207722924065e+00
2.265064975648203749e+00
2.284998642377785494e+00
2.305009169669782754e+00
2.325096517564128717e+00
2.345260644425378960e+00
2.365501506984736935e+00
2.385819060381329404e+00
2.406213258202711369e+00
2.426684052524637814e+00
2.447231394800601478e+00
2.467855232507949914e+00
2.488555514259010337e+00
2.509332186465374370e+00
2.530185194214793487e+00
2.551114481306645754e+00
2.572119990286719116e+00
2.593201662481365410e+00
2.614359438030927851e+00
2.635593255922565437e+00
2.656903054022396571e+00
2.678288769107035172e+00
2.699750336894483738e+00
2.721287692074406461e+00
2.742900768337813489e+00
2.764589498406123003e+00
2.786353814059656209e+00
2.808193646165533686e+00
2.830108924705021956e+00
2.852099578800288526e+00
2.874165536740639570e+00
2.896306728319521184e+00
2.918523075637898589e+00
2.940814506926296978e+00
2.963180947394022269e+00
2.985622321540648549e+00
3.008138553179104946e+00
3.030729565458277541e+00
3.053395280885137453e+00
3.076135621346383076e+00
3.098950508129628023e+00
3.121839861944106786e+00
3.144803602940977161e+00
3.167841650733139947e+00
3.190953924414636322e+00
3.214140342579639764e+00
3.237400823340999434e+00
3.260735284348404761e+00
3.284143642806120589e+00
3.307625815490347509e+00
3.331181718766187849e+00
3.354811268604230623e+00
3.378514380596762123e+00
3.402290969973624790e+00
3.426140951617686614e+00
3.450064240080001454e+00
3.474060749594590991e+00
3.498130394092884732e+00
3.522273088119099338e+00
3.546488743247050657e+00
3.570777273477204083e+00
3.595138591668685990e+00
3.619572610445477068e+00
3.644079242208955183e+00
3.668658399150167337e+00
3.693309993261809865e+00
3.718033936349910196e+00
3.742830140045251497e+00
3.767698515814515314e+00
3.792638974971158650e+00
3.817651428686035242e+00
3.842735787997750840e+00
3.867891963822792434e+00
3.893119866965370157e+00
3.918419408127067349e+00
3.943790497916232152e+00
3.969233046857120417e+00
3.994746965398860539e+00
4.020332163924145163e+00
4.045988552757751044e+00
4.071716039641363416e+00
4.097514539742787676e+00
4.123383960856870090e+00
4.149324213157423280e+00
4.175335206799764443e+00
4.201416851927990415e+00
4.227569058682100867e+00
4.253791737204930534e+00
4.280084797648881612e+00
4.306448150182514922e+00
4.332881704996952799e+00
4.359385372312106988e+00
4.385959062382763562e+00
4.412602685504485756e+00
4.439316152562146733e+00
4.466099372868530537e+00
4.492952257414219552e+00
4.519874716713977669e+00
4.546866661350644989e+00
4.573928001980158697e+00
4.601058649336438044e+00
4.628258514236152088e+00
4.655527507583314240e+00
4.682865540373811974e+00
4.710272523699739367e+00
4.737748368753665673e+00
4.765292986832761812e+00
4.792906289342783843e+00
4.820588187801999602e+00
4.848338593844948363e+00
4.876157419226115231e+00
4.904044575823506946e+00
4.931999975642093581e+00
4.960023530817179171e+00
4.988115153617659558e+00
5.016274756449169203e+00
5.044502251857157837e+00
5.072797554341850201e+00
5.101160573125416597e+00
5.129591222989935417e+00
5.158089417068893567e+00
5.186655068649526967e+00
5.215288091175386498e+00
5.243988398248751182e+00
5.272755903633044028e+00
5.301590521255088007e+00
5.330492165207341593e+00
5.359460749750051711e+00
5.388496189313291218e+00
5.417598398499010592e+00
5.446767292082916434e+00
5.476002785016374830e+00
5.505304792428190375e+00
5.534673229626332791e+00
5.564108012099633349e+00
5.593609055519360496e+00
5.623176275740801699e+00
5.652809588804722729e+00
5.682508910938816271e+00
5.712274158559088377e+00
5.742105248271153428e+00
5.772002096871529098e+00
5.801964621348836282e+00
5.831992738884974159e+00
5.862086366856238406e+00
5.892245423695277040e+00
5.922469825453766212e+00
5.952759490953057231e+00
5.983114338357220063e+00
6.013534286029592835e+00
6.044019252533631814e+00
6.074569156633710776e+00
6.105183917295862628e+00
6.135863453688530811e+00
6.166607685183237209e+00
6.197416531355203873e+00
6.228289911984004945e+00
6.259227747054100455e+00
6.290229956755383434e+00
6.321296461483685292e+00
6.352427181841248327e+00
6.383622038637136065e+00
6.414880952887684451e+00
6.446203845816808276e+00
6.477590638856410621e+00
6.509041253646649317e+00
6.540555612036241584e+00
6.572133636082721608e+00
6.603775248052663471e+00
6.635480370421885432e+00
6.667248925875624010e+00
6.699080837308690306e+00
6.730976027825595231e+00
6.762934420740655206e+00
6.794955939578078308e+00
6.827040508071987368e+00
6.859188050166508788e+00
6.891398490015748557e+00
6.923671751983790479e+00
6.956007763000314092e+00
6.988406443150796399e+00
7.020867719771901605e+00
7.053391518067178012e+00
7.085977763449815114e+00
7.118626381542557446e+00
7.151337298177514512e+00
7.184110439396049763e+00
7.216945731448590529e+00
7.249843100794434392e+00
7.282802474101554679e+00
7.315823778246374864e+00
7.348906940313549185e+00
7.382051887595711293e+00
7.415258547593193583e+00
7.448526848013787394e+00
7.481856716772421478e+00
7.515248081990883122e+00
7.548700871997520601e+00
7.582215015326862151e+00
7.615790440719357512e+00
7.649427077120966700e+00
7.683124853682841149e+00
7.716883699760939130e+00
7.750703544915648280e+00
7.784584318911409007e+00
7.818525951716305933e+00
7.852528373501650449e+00
7.886591514641599687e+00
7.920715305712699106e+00
7.954899677493455279e+00
7.989144560963917563e+00
8.023449887305186934e+00
8.057815587899016307e+00
8.092241594327282073e+00
8.126727838371561319e+00
8.161274252012635344e+00
8.195880767430002933e+00
8.230547317001406071e+00
8.265273833302295259e+00
8.300060249105385424e+00
8.334906497380078605e+00
8.369812512210671684e+00
8.404778225125516755e+00
8.439803570595376669e+00
8.474888482371349951e+00
8.510032894398625203e+00
8.545236740815965959e+00
8.580499955955122715e+00
8.615822474340337322e+00
8.651204230687753238e+00
8.686645159904861302e+00
8.722145197089961499e+00
8.757704277531576764e+00
8.793322336707909415e+00
8.828999310286263835e+00
8.864735134122446070e+00
8.900529744260227361e+00
8.936383076930757952e+00
8.972295068551945363e+00
9.008265655727946353e+00
9.044294775248500784e+00
9.080382364088386282e+00
9.116528359406833815e+00
