# h
2.935364037715612194e-04
2.942029202806844754e-04
2.948812166507931557e-04
2.955713430804546770e-04
2.962733478885911449e-04
2.969872775170343850e-04
2.977131765340927509e-04
2.984510876391209284e-04
2.992010516680814586e-04
2.999631076000851878e-04
3.007372925648994755e-04
3.015236418514057851e-04
3.023221889169943493e-04
3.031329653978762344e-04
3.039560011202958336e-04
3.047913241126232989e-04
3.056389606183086975e-04
3.064989351096733886e-04
3.073712703025197556e-04
3.082559871715330577e-04
3.091531049664544189e-04
3.100626412289982309e-04
3.109846118104895208e-04
3.119190308901954238e-04
3.128659109943240924e-04
3.138252630156649638e-04
3.147970962338411151e-04
3.157814183361481704e-04
3.167782354389508687e-04
3.177875521096081794e-04
3.188093713889004577e-04
3.198436948139279034e-04
3.208905224414537044e-04
3.219498528716617253e-04
3.230216832723006599e-04
3.241060094031867830e-04
3.252028256410354336e-04
3.263121250045949344e-04
3.274338991800527024e-04
3.285681385466888808e-04
3.297148322027466504e-04
3.308739679914956362e-04
3.320455325274586497e-04
3.332295112227794316e-04
3.344258883137008202e-04
3.356346468871331803e-04
3.368557689072852268e-04
3.380892352423341520e-04
3.393350256911118520e-04
3.405931190097843237e-04
3.418634929385012998e-04
3.431461242279955771e-04
3.444409886661109498e-04
3.457480611042372271e-04
3.470673154836347160e-04
3.483987248616286000e-04
3.497422614376538607e-04
3.510978965791358881e-04
3.524656008471875905e-04
3.538453440221083651e-04
3.552370951286702955e-04
3.566408224611748224e-04
3.580564936082692644e-04
3.594840754775067613e-04
3.609235343196405348e-04
3.623748357526383702e-04
3.638379447854077245e-04
3.653128258412202938e-04
3.667994427808286134e-04
3.682977589252618418e-04
3.698077370782974229e-04
3.713293395485964829e-04
3.728625281714998720e-04
3.744072643304756343e-04
3.759635089782136256e-04
3.775312226573622888e-04
3.791103655209021681e-04
3.807008973521532340e-04
3.823027775844112480e-04
3.839159653202115418e-04
3.855404193502176623e-04
3.871760981717314669e-04
3.888229600068255926e-04
3.904809628200949347e-04
3.921500643360287643e-04
3.938302220560018028e-04
3.955213932748837652e-04
3.972235350972726860e-04
3.989366044533454664e-04
4.006605524523935134e-04
4.023953469805717151e-04
4.041409389391112925e-04
4.058972847115190161e-04
4.076643405805244137e-04
4.094420627416993017e-04
4.112304073167170892e-04
4.130293303662507733e-04
4.148387879025173196e-04
4.166587359014668063e-04
4.184891303146281451e-04
4.203299270806066124e-04
4.221810821362452222e-04
4.240425514274495634e-04
4.259142909196820636e-04
4.277962566081317517e-04
4.296884045275617403e-04
4.315906907618429953e-04
4.335030714531741742e-04
4.354255028109993517e-04
4.373579411206218433e-04
4.393003427515263242e-04
4.412526641654071838e-04
4.432148619239158010e-04
4.451868926961264142e-04
4.471687132657291524e-04
4.491602805379547804e-04
4.511615515462354402e-04
4.531724834586096842e-04
4.551930335838745632e-04
4.572231593774911678e-04
4.592628184472485539e-04
4.613119685586929944e-04
4.633705676403266195e-04
4.654385737885802189e-04
4.675159452725670341e-04
4.696026405386223134e-04
4.716986182146325852e-04
4.738038371141627819e-04
4.759182562403819193e-04
4.780418347897971427e-04
4.801745321557983098e-04
4.823163079320177699e-04
4.844671219155123891e-04
4.866269341097707478e-04
4.887957047275517984e-04
4.909733941935573703e-04
4.931599631469455120e-04
4.953553724436887944e-04
4.975595831587804451e-04
4.997725565882950912e-04
5.019942542513054122e-04
5.042246378916627253e-04
5.064636694796422617e-04
5.087113112134596408e-04
5.109675255206603834e-04
5.132322750593886450e-04
5.155055227195373376e-04
5.177872316237847354e-04
5.200773651285197328e-04
5.223758868246608511e-04
5.246827605383710524e-04
5.269979503316748679e-04
5.293214205029762127e-04
5.316531355874842607e-04
5.339930603575512814e-04
5.363411598229200555e-04
5.386973992308912752e-04
5.410617440664074618e-04
5.434341600520609886e-04
5.458146131480270773e-04
5.482030695519239357e-04
5.505994956986040492e-04
5.530038582598795520e-04
5.554161241441822215e-04
5.578362604961636245e-04
5.602642346962342229e-04
5.627000143600476186e-04
5.651435673379291789e-04
5.675948617142540301e-04
5.700538658067730085e-04
5.725205481658932928e-04
5.749948775739108968e-04
5.774768230442027224e-04
5.799663538203731839e-04
5.824634393753635358e-04
5.849680494105231453e-04
5.874801538546434686e-04
5.899997228629586324e-04
5.925267268161125154e-04
5.950611363190955790e-04
5.976029222001517753e-04
6.001520555096570477e-04
6.027085075189725707e-04
6.052722497192713179e-04
6.078432538203429455e-04
6.104214917493744992e-04
6.130069356497116042e-04
6.155995578795986226e-04
6.181993310109018969e-04
6.208062278278143453e-04
6.234202213255450944e-04
6.260412847089919831e-04
6.286693913914032225e-04
6.313045149930232277e-04
6.339466293397281495e-04
6.365957084616495881e-04
6.392517265917887657e-04
6.419146581646214839e-04
6.445844778146947321e-04
6.472611603752151648e-04
6.499446808766313989e-04
6.526350145452119739e-04
6.553321368016142056e-04
6.580360232594535804e-04
6.607466497238649117e-04
6.634639921900634943e-04
6.661880268419019232e-04
6.689187300504264785e-04
6.716560783724312336e-04
6.744000485490115118e-04
6.771506175041185375e-04
6.799077623431122423e-04
6.826714603513166744e-04
6.854416889925764918e-04
6.882184259078144312e-04
6.910016489135918129e-04
6.937913360006721895e-04
6.965874653325857544e-04
6.993900152442005793e-04
7.021989642402942872e-04
7.050142909941333131e-04
7.078359743460530332e-04
7.106639933020455916e-04
7.134983270323517384e-04
7.163389548700585226e-04
7.191858563097009967e-04
7.220390110058728115e-04
7.248983987718404971e-04
7.277639995781653342e-04
7.306357935513317289e-04
7.335137609723826370e-04
7.363978822755607324e-04
7.392881380469596602e-04
7.421845090231803848e-04
7.450869760899941517e-04
7.479955202810181347e-04
7.509101227763927090e-04
7.538307649014711932e-04
7.567574281255167465e-04
7.596900940604067471e-04
7.626287444593458443e-04
7.655733612155883345e-04
7.685239263611681271e-04
7.714804220656391182e-04
7.744428306348214190e-04
7.774111345095603785e-04
7.803853162644902672e-04
7.833653586068112977e-04
7.863512443750718481e-04
7.893429565379622877e-04
7.923404781931180172e-04
7.953437925659290154e-04
7.983528830083630456e-04
8.013677329977940671e-04
8.043883261358414881e-04
8.074146461472197188e-04
8.104466768785952057e-04
8.134844022974553916e-04
8.165278064909835308e-04
8.195768736649456472e-04
8.226315881425865992e-04
8.256919343635340603e-04
8.287578968827127987e-04
8.318294603692684983e-04
8.349066096055010123e-04
8.379893294858048805e-04
8.410776050156232916e-04
8.441714213104065979e-04
8.472707635945842756e-04
8.503756172005423044e-04
8.534859675676131257e-04
8.566018002410717789e-04
8.597231008711446161e-04
8.628498552120231115e-04
8.659820491208905730e-04
8.691196685569536244e-04
8.722626995804885416e-04
8.754111283518888889e-04
8.785649411307308284e-04
8.817241242748381043e-04
8.848886642393643739e-04
8.880585475758768403e-04
8.912337609314551715e-04
8.944142910477935644e-04
8.976001247603144096e-04
9.007912489972912801e-04
9.039876507789762570e-04
9.071893172167413500e-04
9.103962355122224110e-04
9.136083929564773600e-04
9.168257769291470122e-04
9.200483748976277234e-04
9.232761744162518418e-04
9.265091631254742310e-04
9.297473287510689844e-04
9.329906591033332959e-04
9.362391420762977267e-04
9.394927656469483990e-04
9.427515178744527670e-04
9.460153868993937364e-04
9.492843609430141926e-04
9.525584283064664074e-04
9.558375773700702278e-04
9.591217965925780955e-04
9.624110745104474387e-04
9.657053997371210872e-04
9.690047609623149514e-04
9.723091469513117733e-04
9.756185465442634422e-04
9.789329486554999241e-04
9.822523422728436128e-04
9.855767164569336544e-04
9.889060603405558023e-04
9.922403631279759582e-04
9.955796140942881328e-04
9.989238025847604549e-04
1.002272918014192890e-03
1.005626949866281466e-03
1.008985887692987480e-03
1.012349721113912785e-03
1.015718439815684179e-03
1.019092033551339312e-03
1.022470492139725389e-03
1.025853805464897869e-03
1.029241963475530010e-03
1.032634956184325234e-03
1.036032773667437722e-03
1.039435406063896495e-03
1.042842843575039454e-03
1.046255076463948729e-03
1.049672095054894920e-03
1.053093889732785665e-03
1.056520450942621163e-03
1.059951769188953149e-03
1.063387835035352119e-03
1.066828639103877376e-03
1.070274172074555307e-03
1.073724424684861572e-03
1.077179387729205236e-03
1.080639052058427873e-03
1.084103408579296371e-03
1.087572448254007888e-03
1.091046162099700012e-03
1.094524541187961346e-03
1.098007576644352513e-03
1.101495259647928453e-03
1.104987581430765713e-03
1.108484533277498624e-03
1.111986106524854396e-03
1.115492292561198404e-03
1.119003082826080337e-03
1.122518468809785997e-03
1.126038442052896237e-03
1.129562994145845694e-03
1.133092116728489761e-03
1.136625801489677410e-03
1.140164040166820976e-03
1.143706824545480047e-03
1.147254146458941875e-03
1.150805997787810895e-03
1.154362370459599985e-03
1.157923256448326705e-03
1.161488647774114097e-03
1.165058536502793863e-03
1.168632914745515623e-03
1.172211774658360505e-03
1.175795108441955597e-03
1.179382908341095352e-03
1.182975166644366664e-03
1.186571875683774388e-03
1.190173027834376179e-03
1.193778615513915601e-03
1.197388631182463902e-03
1.201003067342059846e-03
1.204621916536360816e-03
1.208245171350288060e-03
1.211872824409684088e-03
1.215504868380968976e-03
1.219141295970800794e-03
1.222782099925738422e-03
1.226427273031913253e-03
1.230076808114696123e-03
1.233730698038372703e-03
1.237388935705822359e-03
1.241051514058197879e-03
1.244718426074609748e-03
1.248389664771813257e-03
1.252065223203899930e-03
1.255745094461987879e-03
1.259429271673922785e-03
1.263117748003974531e-03
1.266810516652540786e-03
1.270507570855852319e-03
1.274208903885681345e-03
1.277914509049054214e-03
1.281624379687964534e-03
1.285338509179089969e-03
1.289056890933514259e-03
1.292779518396447490e-03
1.296506385046953310e-03
1.300237484397676795e-03
