# mu
-inf
3.268084127017997531e+01
3.420490523080829348e+01
3.510404261459895991e+01
3.574718861717030904e+01
3.624996624676241908e+01
3.666387919409076801e+01
3.701640281701324398e+01
3.732393889103050100e+01
3.759706811870375276e+01
3.784301598401919620e+01
3.806693705237174896e+01
3.827263807783612748e+01
3.846301067552315800e+01
3.864030319250994694e+01
3.880629855588090038e+01
3.896243460626019584e+01
3.910988788716453968e+01
3.924963344893711792e+01
3.938248846237900125e+01
3.950914463284823341e+01
3.963019269811394452e+01
3.974614122240595293e+01
3.985743120969788578e+01
3.996444760494036075e+01
4.006752844621372844e+01
4.016697222107666221e+01
4.026304383407800458e+01
4.035597948870245943e+01
4.044599071246382493e+01
4.053326769954141895e+01
4.061798210529802589e+01
4.070028939714256211e+01
4.078033084368532712e+01
4.085823520699921119e+01
4.093412018964201593e+01
4.100809367790353832e+01
4.108025481478550489e+01
4.115069492996404676e+01
4.121949834902831356e+01
4.128674310033590444e+01
4.135250153465510436e+01
4.141684087020384197e+01
4.147982367361795042e+01
4.154150828568596410e+01
4.160194919929696766e+01
4.166119739590246240e+01
4.171930064584427811e+01
4.177630377711182064e+01
4.183224891643325805e+01
4.188717570605285800e+01
4.194112149908241349e+01
4.199412153592150787e+01
4.204620910390946165e+01
4.209741568208819729e+01
4.214777107271432754e+01
4.219730352095201908e+01
4.224603982400068958e+01
4.229400543075937691e+01
4.234122453299720235e+01
4.238772014888601802e+01
4.243351419965168247e+01
4.247862758001473082e+01
4.252308022301601653e+01
4.256689115975713378e+01
4.261007857452817404e+01
4.265265985574475849e+01
4.269465164307190008e+01
4.273606987107319100e+01
4.277692980968913616e+01
4.281724610181804280e+01
4.285703279824548417e+01
4.289630339014463090e+01
4.293507083934792234e+01
4.297334760657181363e+01
4.301114567775901776e+01
4.304847658868764171e+01
4.308535144798271688e+01
4.312178095865368732e+01
4.315777543827010732e+01
4.319334483787821455e+01
4.322849875975191480e+01
4.326324647406374879e+01
4.329759693455429215e+01
4.333155879327156867e+01
4.336514041444657153e+01
4.339834988756506107e+01
4.343119503969145967e+01
4.346368344709580356e+01
4.349582244634250117e+01
4.352761914450086067e+01
4.355908042875647368e+01
4.359021297610723877e+01
4.362102326196438185e+01
4.365151756846901776e+01
4.368170199237461304e+01
4.371158245252241414e+01
4.374116469693512244e+01
4.377045430955211458e+01
4.379945671662802198e+01
4.382817719281482027e+01
4.385662086694625827e+01
4.388479272754211991e+01
4.391269762804863319e+01
4.394034029183024614e+01
4.396772531692690222e+01
4.399485718059024464e+01
4.402174024361086424e+01
4.404837875444843576e+01
4.407477685317540761e+01
4.410093857524444871e+01
4.412686785508917353e+01
4.415256852956699163e+01
4.417804434125250168e+01
4.420329894158922457e+01
4.422833589390705811e+01
4.425315867631236699e+01
4.427777068445720943e+01
4.430217523419382530e+01
4.432637556412010582e+01
4.435037483802148728e+01
4.437417614721444892e+01
4.439778251279626176e+01
4.442119688780567088e+01
4.444442215929872475e+01
4.446746115034383706e+01
4.449031662193981163e+01
4.451299127486059604e+01
4.453548775142993321e+01
4.455780863722942797e+01
4.457995646274279977e+01
4.460193370493941956e+01
4.462374278879970291e+01
4.464538608878513060e+01
4.466686593025512764e+01
4.468818459083336592e+01
4.470934430172549412e+01
4.473034724899052605e+01
4.475119557476780585e+01
4.477189137846148981e+01
4.479243671788427150e+01
4.481283361036216206e+01
4.483308403380181062e+01
4.485318992772204894e+01
4.487315319425100313e+01
4.489297569909027175e+01
4.491265927244741363e+01
4.493220570993815244e+01
4.495161677345925710e+01
4.497089419203353344e+01
4.499003966262785781e+01
4.500905485094530434e+01
4.502794139219243874e+01
4.504670089182265258e+01
4.506533492625656123e+01
4.508384504358013345e+01
4.510223276422166805e+01
4.512049958160814356e+01
4.513864696280182898e+01
4.515667634911793016e+01
4.517458915672380471e+01
4.519238677722063358e+01
4.521007057820791886e+01
4.522764190383165328e+01
4.524510207531664463e+01
4.526245239148351374e+01
4.527969412925097004e+01
4.529682854412389759e+01
4.531385687066760681e+01
4.533078032296894122e+01
4.534760009508444512e+01
4.536431736147625315e+01
4.538093327743596461e+01
4.539744897949698554e+01
4.541386558583565147e+01
4.543018419666159957e+01
4.544640589459764612e+01
4.546253174504956718e+01
4.547856279656613054e+01
4.549450008118958522e+01
4.551034461479706295e+01
4.552609739743308381e+01
4.554175941363343583e+01
4.555733163274079800e+01
4.557281500921224904e+01
4.558821048291900269e+01
4.560351897943856159e+01
4.561874141033952412e+01
4.563387867345932136e+01
4.564893165317500490e+01
4.566390122066737689e+01
4.567878823417864709e+01
4.569359353926377310e+01
4.570831796903569710e+01
4.572296234440469220e+01
4.573752747431190357e+01
4.575201415595732612e+01
4.576642317502239621e+01
4.578075530588726849e+01
4.579501131184302665e+01
4.580919194529883498e+01
4.582329794798441469e+01
4.583733005114766712e+01
4.585128897574786322e+01
4.586517543264432106e+01
4.587899012278082012e+01
4.589273373736582329e+01
4.590640695804857785e+01
4.592001045709132967e+01
4.593354489753760816e+01
4.594701093337683062e+01
4.596040920970517618e+01
4.597374036288300658e+01
4.598700502068874130e+01
4.600020380246942864e+01
4.601333731928797022e+01
4.602640617406725454e+01
4.603941096173110736e+01
4.605235226934224357e+01
4.606523067623724899e+01
4.607804675415873419e+01
4.609080106738463911e+01
4.610349417285486595e+01
4.611612662029519072e+01
4.612869895233865236e+01
4.614121170464434840e+01
4.615366540601383605e+01
4.616606057850508193e+01
4.617839773754408128e+01
4.619067739203423173e+01
4.620290004446340504e+01
4.621506619100894397e+01
4.622717632164044943e+01
4.623923092022053538e+01
4.625123046460360854e+01
4.626317542673256611e+01
4.627506627273372430e+01
4.628690346300970759e+01
4.629868745233066107e+01
4.631041868992353017e+01
4.632209761955971317e+01
4.633372467964093744e+01
4.634530030328347294e+01
4.635682491840076125e+01
4.636829894778439609e+01
4.637972280918363310e+01
4.639109691538328661e+01
4.640242167428017694e+01
4.641369748895819214e+01
4.642492475776184335e+01
4.643610387436849152e+01
4.644723522785916714e+01
4.645831920278816796e+01
4.646935617925123552e+01
4.648034653295256646e+01
4.649129063527053063e+01
4.650218885332222385e+01
4.651304155002677021e+01
4.652384908416756559e+01
4.653461181045331330e+01
4.654533007957795121e+01
4.655600423827952739e+01
4.656663462939805243e+01
4.657722159193220079e+01
4.658776546109511685e+01
4.659826656836914083e+01
4.660872524155962537e+01
4.661914180484775017e+01
4.662951657884244838e+01
4.663984988063138815e+01
4.665014202383105868e+01
4.666039331863603934e+01
4.667060407186731652e+01
4.668077458701985449e+01
4.669090516430927806e+01
4.670099610071780205e+01
4.671104769003932944e+01
4.672106022292379635e+01
4.673103398692079224e+01
4.674096926652235595e+01
4.675086634320514634e+01
4.676072549547181723e+01
4.677054699889177414e+01
4.678033112614116362e+01
4.679007814704225154e+01
4.679978832860213345e+01
4.680946193505077702e+01
4.681909922787849609e+01
4.682870046587271418e+01
4.683826590515420207e+01
4.684779579921269033e+01
4.685729039894189185e+01
4.686674995267395616e+01
4.687617470621337645e+01
4.688556490287034961e+01
4.689492078349358195e+01
4.690424258650254075e+01
4.691353054791927946e+01
4.692278490139963765e+01
4.693200587826400749e+01
4.694119370752764553e+01
4.695034861593038045e+01
4.695947082796600824e+01
4.696856056591110473e+01
4.697761804985340461e+01
4.698664349771982529e+01
4.699563712530388671e+01
4.700459914629288249e+01
4.701352977229451824e+01
4.702242921286313759e+01
4.703129767552562157e+01
4.704013536580679755e+01
4.704894248725450723e+01
4.705771924146428375e+01
4.706646582810365942e+01
4.707518244493607540e+01
4.708386928784445757e+01
4.709252655085441575e+01
4.710115442615709469e+01
4.710975310413172679e+01
4.711832277336772279e+01
4.712686362068661339e+01
4.713537583116348628e+01
4.714385958814821009e+01
4.715231507328633143e+01
4.716074246653961666e+01
4.716914194620633793e+01
4.717751368894121811e+01
4.718585786977514118e+01
4.719417466213450751e+01
4.720246423786035450e+01
4.721072676722717176e+01
4.721896241896145341e+01
4.722717136025998741e+01
4.723535375680786075e+01
4.724350977279624431e+01
4.725163957093984379e+01
4.725974331249422988e+01
4.726782115727274913e+01
4.727587326366338516e+01
4.728389978864517218e+01
4.729190088780459433e+01
4.729987671535157290e+01
4.730782742413532560e+01
4.731575316565997014e+01
4.732365409009990742e+01
4.733153034631499878e+01
4.733938208186554419e+01
4.734720944302701184e+01
4.735501257480461135e+01
4.736279162094761119e+01
4.737054672396351407e+01
4.737827802513199060e+01
4.738598566451864968e+01
4.739366978098863115e+01
4.740133051221993554e+01
4.740896799471669709e+01
4.741658236382215108e+01
4.742417375373152311e+01
4.743174229750466964e+01
4.743928812707859777e+01
4.744681137327978604e+01
4.745431216583637024e+01
4.746179063339013027e+01
4.746924690350832776e+01
4.747668110269541586e+01
4.748409335640453577e+01
4.749148378904894230e+01
4.749885252401315228e+01
4.750619968366410717e+01
4.751352538936203018e+01
4.752082976147127624e+01
4.752811291937091198e+01
4.753537498146528151e+01
4.754261606519432348e+01
4.754983628704385978e+01
4.755703576255562837e+01
4.756421460633733034e+01
4.757137293207239281e+01
4.757851085252973178e+01
4.758562847957333020e+01
4.759272592417168823e+01
4.759980329640717400e+01
4.760686070548527482e+01
4.761389825974364243e+01
4.762091606666114529e+01
4.762791423286671488e+01
4.763489286414809243e+01
4.764185206546052598e+01
4.764879194093528270e+01
4.765571259388809722e+01
4.766261412682747789e+01
4.766949664146297039e+01
4.767636023871326501e+01
4.768320501871419737e+01
4.769003108082669939e+01
4.769683852364461529e+01
4.770362744500242513e+01
4.771039794198286188e+01
4.771715011092447867e+01
4.772388404742908108e+01
