# rs_dv
inf
4.343990187016374627e+00
2.175318655477248342e+00
1.452459129067900534e+00
1.091052639813421044e+00
8.742273906672671790e-01
7.296927797524930259e-01
6.264671181119931820e-01
5.490595591473128589e-01
4.888640750993654138e-01
4.407170476416845672e-01
4.013325363327749917e-01
3.685199128430609039e-01
3.407625870777843957e-01
3.169772792478652845e-01
2.963695831129881109e-01
2.783436930090462669e-01
2.624439919251988496e-01
2.483161102223354899e-01
2.356802815987333877e-01
2.243126922663743472e-01
2.140321589343527064e-01
2.046904400698324467e-01
1.961650746564141956e-01
1.883540112631562902e-01
1.811715261372514318e-01
1.745450832755185699e-01
1.684128922579652965e-01
1.627219894028934521e-01
1.574267159245416048e-01
1.524875004593297945e-01
1.478698772323002730e-01
1.435436883174522060e-01
1.394824309417395380e-01
1.356627199707929887e-01
1.320638425400110505e-01
1.286673869138568183e-01
1.254569315301776455e-01
1.224177831428258506e-01
1.195367552500549851e-01
1.168019797586762748e-01
1.142027462095675655e-01
1.117293639709711489e-01
1.093730436606303175e-01
1.071257947376258873e-01
1.049803367486198680e-01
1.029300221506561780e-01
1.009687689863451865e-01
9.909100197462102078e-02
9.729160081484250489e-02
9.556585469436465474e-02
9.390942214812074418e-02
9.231829554974682606e-02
9.078876962253322469e-02
8.931741344910965053e-02
8.790104553456815073e-02
8.653671154134094656e-02
8.522166436771992648e-02
8.395334628716219494e-02
8.272937290387902265e-02
8.154751871280632725e-02
8.040570407984558299e-02
7.930198348201956959e-02
7.823453486755137243e-02
7.720165001337300770e-02
7.620172577264747171e-02
7.523325611790647460e-02
7.429482489668010059e-02
7.338509922627152460e-02
7.250282346283595802e-02
7.164681368733186173e-02
7.081595265738567513e-02
7.000918517977107458e-02
6.922551386317071787e-02
6.846399521524652865e-02
6.772373605188329593e-02
6.700389018985272727e-02
6.630365539713191370e-02
6.562227057775389671e-02
6.495901317040868317e-02
6.431319674209211301e-02
6.368416875994610538e-02
6.307130852607997773e-02
6.247402526162685460e-02
6.189175632759980061e-02
6.132396557128207831e-02
6.077014178793414129e-02
6.022979728853896514e-02
5.970246656515226791e-02
5.918770475895496208e-02
5.868508764774994779e-02
5.819420883622113128e-02
5.771467989149819955e-02
5.724612910644638619e-02
5.678820061111057582e-02
5.634055350261593653e-02
5.590286121512268169e-02
5.547481056196876953e-02
5.505610119857663742e-02
5.464644493904079886e-02
5.424556514901031357e-02
5.385319616287100042e-02
5.346908279313342810e-02
5.309297975382522988e-02
5.272465123031390422e-02
5.236387041774082096e-02
5.201041909661006934e-02
5.166408723214626492e-02
5.132467256319499932e-02
5.099198037534356798e-02
5.066582296672168112e-02
5.034601945881723301e-02
5.003239546103988716e-02
4.972478278400602886e-02
4.942301916789091504e-02
4.912694802493134533e-02
4.883641818242338145e-02
4.855128370222990680e-02
4.827140358404317932e-02
4.799664160771490579e-02
4.772686612201658407e-02
4.746194985602048000e-02
4.720176973973937151e-02
4.694620673349950146e-02
4.669514566555365426e-02
4.644847507747366239e-02
4.620608704890016155e-02
4.596787716918271371e-02
4.573374423569954994e-02
4.550359023825980426e-02
4.527732020944797570e-02
4.505484210851459781e-02
4.483606671053353560e-02
4.462090750054868021e-02
4.440928057245024235e-02
4.420110453233540987e-02
4.399630040612330373e-02
4.379479155120675343e-02
4.359650356334115323e-02
4.340136423015196476e-02
4.320930340214380189e-02
4.302025295295246188e-02
4.283414669974450889e-02
4.265092033518499276e-02
4.247051136223334994e-02
4.229285903163147731e-02
4.211790428195506808e-02
4.194558968210641142e-02
4.177585937613337991e-02
4.160865903026581686e-02
4.144393578206571893e-02
4.128163816803976510e-02
4.112171617094632220e-02
4.096412103339385630e-02
4.080880530873897544e-02
4.065572279588307303e-02
4.050482849922292655e-02
4.035607859012897008e-02
4.020943036988356561e-02
4.006484223401532430e-02
3.992227363796835987e-02
3.978168506404887450e-02
3.964303798959378788e-02
3.950629485630912513e-02
3.937141904072859189e-02
3.923837482574445840e-02
3.910712737316630189e-02
3.897764269726407271e-02
3.884988763025367525e-02
3.872382983369457299e-02
3.859943772073805984e-02
3.847668046922678164e-02
3.835552799058189466e-02
3.823595090845872263e-02
3.811792053813811004e-02
3.800140886662332212e-02
3.788638853341572132e-02
3.777283281194119408e-02
3.766071559160282661e-02
3.755001136043471105e-02
3.744069518833400417e-02
3.733274271084875695e-02
3.722613011350017764e-02
3.712083411661908083e-02
3.701683196067687143e-02
3.691410139209252289e-02
3.681262064949750168e-02
3.671236845044192898e-02
3.661332397852507664e-02
3.651546685150803412e-02
3.641877718695766403e-02
3.632323547398925295e-02
3.622882263966180350e-02
3.613552001857907314e-02
3.604330934226062516e-02
3.595217272884027038e-02
3.586209267308056864e-02
3.577305203669205180e-02
3.568503403894644072e-02
3.559802224757366990e-02
3.551200056993238097e-02
3.542695324444510713e-02
3.534286483228826076e-02
3.525972020932858358e-02
3.517750455829755235e-02
3.509620336119553818e-02
3.501580239191796201e-02
3.493628770909606301e-02
3.485764564914488328e-02
3.477986281951166159e-02
3.470292609211801660e-02
3.462682259698923737e-02
3.455153971606499119e-02
3.447706507718491936e-02
3.440338654824377784e-02
3.433049223151077300e-02
3.425837045226338279e-02
3.418700977679442476e-02
3.411639897212698919e-02
3.404652702431584799e-02
3.397738312766570429e-02
3.390895667992919332e-02
3.384123727763534845e-02
3.377421471154463950e-02
3.370787896222667002e-02
3.364222019575643929e-02
3.357722875952589420e-02
3.351289517816687102e-02
3.344921014958218003e-02
3.338616454108159909e-02
3.332374938561924460e-02
3.326195587812976612e-02
3.320077537195984668e-02
3.314019937539253863e-02
3.308021954826144417e-02
3.302082769865215262e-02
3.296201577968831120e-02
3.290377588639979700e-02
3.284610026629541241e-02
3.278898126248775552e-02
3.273241139075927508e-02
3.267638328400681441e-02
3.262088970252459419e-02
3.256592353131721601e-02
3.251147777747934176e-02
3.245754556764032794e-02
3.240412014547192077e-02
3.235119486925714521e-02
3.229876320951867441e-02
3.224681874670510401e-02
3.219535516893345245e-02
3.214436626978616623e-02
3.209384594354545983e-02
3.204378819355915148e-02
3.199418711449610042e-02
3.194503690081192115e-02
3.189633184218097772e-02
3.184806632159098427e-02
3.180023481348247250e-02
3.175283188193192552e-02
3.170585217887760682e-02
3.165929044238652290e-02
3.161314149496187442e-02
3.156740024188960103e-02
3.152206166962303463e-02
3.147712084420484224e-02
3.143257290972492624e-02
3.138841308681365044e-02
3.134463667116937913e-02
3.130123903211917691e-02
3.125821561121232967e-02
3.121556192084523271e-02
3.117327354291733049e-02
3.113134612751697686e-02
3.108977539163665718e-02
3.104855711052293896e-02
3.100768714602379281e-02
3.096716140102197257e-02
3.092697584783780929e-02
3.088712651968522627e-02
3.084760950954750294e-02
3.080842096907759550e-02
3.076955710752213649e-02
3.073101419066887052e-02
3.069278853981659977e-02
3.065487653076732349e-02
3.061727459283997491e-02
3.057997920790499896e-02
3.054298690943973299e-02
3.050629428160354928e-02
3.046989795833264861e-02
3.043379462245392880e-02
3.039798100481730381e-02
3.036245388344636226e-02
3.032721008270650859e-02
3.029224647249063873e-02
3.025755996742143447e-02
3.022314752607028338e-02
3.018900615019228656e-02
3.015513288397678529e-02
3.012152481331343418e-02
3.008817906507309237e-02
3.005509280640338010e-02
3.002226324111417766e-02
2.998968762069903829e-02
2.995736322612553570e-02
2.992528737888433196e-02
2.989345743742815448e-02
2.986187079654813517e-02
2.983052488676260147e-02
2.979941717371799303e-02
2.976854515760149478e-02
2.973790637256543828e-02
2.970749838616285748e-02
2.967731879879416737e-02
2.964736524316466046e-02
2.961763538375250873e-02
2.958812691628717739e-02
2.955883756723782022e-02
2.952976509331170160e-02
2.950090728096210410e-02
2.947226194590581161e-02
2.944382693264972761e-02
2.941560011402656952e-02
2.938757939073944822e-02
2.935976269091490620e-02
2.933214796966461882e-02
2.930473320865517942e-02
2.927751641568613131e-02
2.925049562427578867e-02
2.922366889325482553e-02
2.919703430636744895e-02
2.917058997188002462e-02
2.914433402219692923e-02
2.911826461348339737e-02
2.909237992529547373e-02
2.906667816021674816e-02
2.904115753694514260e-02
2.901581631616931625e-02
2.899065276088415993e-02
2.896566516228109636e-02
2.894085183285957652e-02
2.891621110610164899e-02
2.889174133615244125e-02
2.886744089750631695e-02
2.884330818469869537e-02
2.881934161200338032e-02
2.879553961313530142e-02
2.877190064095848723e-02
2.874842316719925309e-02
2.872510568216441948e-02
2.870194669446456473e-02
2.867894473074210013e-02
2.865609833540407395e-02
2.863340607035973207e-02
2.861086651476258888e-02
2.858847826475705012e-02
2.856623993322929961e-02
2.854415014956268939e-02
2.852220755939718910e-02
2.850041082439302639e-02
2.847875862199842831e-02
2.845724964522127615e-02
2.843588260240463919e-02
2.841465621700628788e-02
2.839356922738171460e-02
2.837262038657104718e-02
2.835180846208940411e-02
2.833113223572088571e-02
2.831059050331600352e-02
2.829018207459240916e-02
2.826990577293915854e-02
2.824976043522405000e-02
2.822974491160420984e-02
2.820985806533996693e-02
2.819009877261152708e-02
2.817046592233900942e-02
2.815095841600513335e-02
2.813157516748107656e-02
2.811231510079786541e-02
2.809317715820641714e-02
2.807416028766853214e-02
2.805526345092269197e-02
2.803648562126625360e-02
2.801782578339750626e-02
2.799928293326039291e-02
2.798085607789153537e-02
2.796254423526992050e-02
2.794434643416885550e-02
2.792626171401035862e-02
2.790828912472185022e-02
2.789042772659508160e-02
2.787267659014737095e-02
2.785503479598502863e-02
2.783750143466889870e-02
2.782007560658198916e-02
2.780275642179932602e-02
2.778554299995963234e-02
2.776843447013924160e-02
2.775142997072779436e-02
2.773452864930596104e-02
